1499991200 57.418 49.755
1500034400 57.459 49.792
1500077600 57.500 49.828
1500120800 57.540 49.865
1500164000 57.581 49.901
1500207200 57.622 49.937
1500250400 57.662 49.973
1500293600 57.702 50.009
1500336800 57.743 50.045
1500380000 57.783 50.081
1500423200 57.823 50.117
1500466400 57.863 50.152
1500509600 57.902 50.188
1500552800 57.942 50.224
1500596000 57.982 50.259
1500639200 58.021 50.294
1500682400 58.061 50.330
1500725600 58.100 50.365
1500768800 58.139 50.400
1500812000 58.178 50.435
1500855200 58.217 50.470
1500898400 58.256 50.504
1500941600 58.295 50.539
1500984800 58.334 50.574
1501028000 58.372 50.608
1501071200 58.411 50.643
1501114400 58.449 50.677
1501157600 58.487 50.711
1501200800 58.525 50.745
1501244000 58.563 50.780
1501287200 58.601 50.814
1501330400 58.639 50.847
1501373600 58.677 50.881
1501416800 58.715 50.915
1501460000 58.752 50.949
1501503200 58.790 50.982
1501546400 58.827 51.016
1501589600 58.864 51.049
1501632800 58.901 51.082
1501676000 58.938 51.116
1501719200 58.975 51.149
1501762400 59.012 51.182
1501805600 59.049 51.215
1501848800 59.085 51.248
1501892000 59.122 51.281
1501935200 59.158 51.313
1501978400 59.195 51.346
1502021600 59.231 51.378
1502064800 59.267 51.411
1502108000 59.303 51.443
1502151200 59.339 51.476
1502194400 59.375 51.508
1502237600 59.411 51.540
1502280800 59.446 51.572
1502324000 59.482 51.604
1502367200 59.517 51.636
1502410400 59.553 51.668
1502453600 59.588 51.699
1502496800 59.623 51.731
1502540000 59.658 51.762
1502583200 59.693 51.794
1502626400 59.728 51.825
1502669600 59.763 51.856
1502712800 59.797 51.888
1502756000 59.832 51.919
1502799200 59.866 51.950
1502842400 59.901 51.981
1502885600 59.935 52.012
1502928800 59.969 52.042
1502972000 60.003 52.073
1503015200 60.037 52.104
1503058400 60.071 52.134
1503101600 60.105 52.165
1503144800 60.139 52.195
1503188000 60.172 52.225
1503231200 60.206 52.256
1503274400 60.239 52.286
1503317600 60.272 52.316
1503360800 60.306 52.346
1503404000 60.339 52.376
1503447200 60.372 52.405
1503490400 60.405 52.435
1503533600 60.438 52.465
1503576800 60.470 52.494
1503620000 60.503 52.524
1503663200 60.536 52.553
1503706400 60.568 52.582
1503749600 60.600 52.612
1503792800 60.633 52.641
1503836000 60.665 52.670
1503879200 60.697 52.699
1503922400 60.729 52.728
1503965600 60.761 52.757
1504008800 60.793 52.785
1504052000 60.824 52.814
1504095200 60.856 52.843
1504138400 60.887 52.871
1504181600 60.919 52.900
1504224800 60.950 52.928
1504268000 60.981 52.956
1504311200 61.012 52.984
1504354400 61.044 53.012
1504397600 61.074 53.041
1504440800 61.105 53.068
1504484000 61.136 53.096
1504527200 61.167 53.124
1504570400 61.197 53.152
1504613600 61.228 53.179
1504656800 61.258 53.207
1504700000 61.289 53.235
1504743200 61.319 53.262
1504786400 61.349 53.289
1504829600 61.379 53.316
1504872800 61.409 53.344
1504916000 61.439 53.371
1504959200 61.469 53.398
1505002400 61.498 53.425
1505045600 61.528 53.452
1505088800 61.557 53.478
1505132000 61.587 53.505
1505175200 61.616 53.532
1505218400 61.645 53.558
1505261600 61.674 53.585
1505304800 61.703 53.611
1505348000 61.732 53.637
1505391200 61.761 53.664
1505434400 61.790 53.690
1505477600 61.819 53.716
1505520800 61.847 53.742
1505564000 61.876 53.768
1505607200 61.904 53.794
1505650400 61.933 53.820
1505693600 61.961 53.845
1505736800 61.989 53.871
1505780000 62.017 53.896
1505823200 62.045 53.922
1505866400 62.073 53.947
1505909600 62.101 53.973
1505952800 62.128 53.998
1505996000 62.156 54.023
1506039200 62.184 54.048
1506082400 62.211 54.073
1506125600 62.238 54.098
1506168800 62.266 54.123
1506212000 62.293 54.148
1506255200 62.320 54.173
1506298400 62.347 54.197
1506341600 62.374 54.222
1506384800 62.401 54.246
1506428000 62.428 54.271
1506471200 62.454 54.295
1506514400 62.481 54.319
1506557600 62.507 54.344
1506600800 62.534 54.368
1506644000 62.560 54.392
1506687200 62.586 54.416
1506730400 62.612 54.440
1506773600 62.639 54.464
1506816800 62.665 54.487
1506860000 62.690 54.511
1506903200 62.716 54.535
1506946400 62.742 54.558
1506989600 62.768 54.582
1507032800 62.793 54.605
1507076000 62.819 54.629
1507119200 62.844 54.652
1507162400 62.869 54.675
1507205600 62.895 54.698
1507248800 62.920 54.721
1507292000 62.945 54.744
1507335200 62.970 54.767
1507378400 62.995 54.790
1507421600 63.019 54.813
1507464800 63.044 54.835
1507508000 63.069 54.858
1507551200 63.093 54.881
1507594400 63.118 54.903
1507637600 63.142 54.925
1507680800 63.167 54.948
1507724000 63.191 54.970
1507767200 63.215 54.992
1507810400 63.239 55.014
1507853600 63.263 55.036
1507896800 63.287 55.058
1507940000 63.311 55.080
1507983200 63.334 55.102
1508026400 63.358 55.124
1508069600 63.382 55.146
1508112800 63.405 55.167
1508156000 63.429 55.189
1508199200 63.452 55.210
1508242400 63.475 55.232
1508285600 63.498 55.253
1508328800 63.521 55.274
1508372000 63.544 55.296
1508415200 63.567 55.317
1508458400 63.590 55.338
1508501600 63.613 55.359
1508544800 63.636 55.380
1508588000 63.658 55.401
1508631200 63.681 55.421
1508674400 63.703 55.442
1508717600 63.726 55.463
1508760800 63.748 55.483
1508804000 63.770 55.504
1508847200 63.792 55.524
1508890400 63.814 55.545
1508933600 63.836 55.565
1508976800 63.858 55.585
1509020000 63.880 55.606
1509063200 63.902 55.626
1509106400 63.923 55.646
1509149600 63.945 55.666
1509192800 63.967 55.686
1509236000 63.988 55.706
1509279200 64.009 55.725
1509322400 64.031 55.745
1509365600 64.052 55.765
1509408800 64.073 55.784
1509452000 64.094 55.804
1509495200 64.115 55.823
1509538400 64.136 55.843
1509581600 64.157 55.862
1509624800 64.177 55.881
1509668000 64.198 55.901
1509711200 64.219 55.920
1509754400 64.239 55.939
1509797600 64.259 55.958
1509840800 64.280 55.977
1509884000 64.300 55.996
1509927200 64.320 56.014
1509970400 64.340 56.033
1510013600 64.360 56.052
1510056800 64.380 56.070
1510100000 64.400 56.089
1510143200 64.420 56.107
1510186400 64.440 56.126
1510229600 64.460 56.144
1510272800 64.479 56.163
1510316000 64.499 56.181
1510359200 64.518 56.199
1510402400 64.538 56.217
1510445600 64.557 56.235
1510488800 64.576 56.253
1510532000 64.595 56.271
1510575200 64.614 56.289
1510618400 64.633 56.306
1510661600 64.652 56.324
1510704800 64.671 56.342
1510748000 64.690 56.359
1510791200 64.709 56.377
1510834400 64.727 56.394
1510877600 64.746 56.412
1510920800 64.764 56.429
1510964000 64.783 56.446
1511007200 64.801 56.464
1511050400 64.819 56.481
1511093600 64.837 56.498
1511136800 64.856 56.515
1511180000 64.874 56.532
1511223200 64.892 56.549
1511266400 64.910 56.566
1511309600 64.927 56.582
1511352800 64.945 56.599
1511396000 64.963 56.616
1511439200 64.980 56.632
1511482400 64.998 56.649
1511525600 65.016 56.665
1511568800 65.033 56.682
1511612000 65.050 56.698
1511655200 65.068 56.714
1511698400 65.085 56.731
1511741600 65.102 56.747
1511784800 65.119 56.763
1511828000 65.136 56.779
1511871200 65.153 56.795
1511914400 65.170 56.811
1511957600 65.187 56.827
1512000800 65.203 56.842
1512044000 65.220 56.858
1512087200 65.236 56.874
1512130400 65.253 56.890
1512173600 65.269 56.905
1512216800 65.286 56.921
1512260000 65.302 56.936
1512303200 65.318 56.951
1512346400 65.334 56.967
1512389600 65.351 56.982
1512432800 65.367 56.997
1512476000 65.383 57.012
1512519200 65.398 57.027
1512562400 65.414 57.043
1512605600 65.430 57.058
1512648800 65.446 57.072
1512692000 65.461 57.087
1512735200 65.477 57.102
1512778400 65.492 57.117
1512821600 65.508 57.132
1512864800 65.523 57.146
1512908000 65.538 57.161
1512951200 65.554 57.175
1512994400 65.569 57.190
1513037600 65.584 57.204
1513080800 65.599 57.218
1513124000 65.614 57.233
1513167200 65.629 57.247
1513210400 65.643 57.261
1513253600 65.658 57.275
1513296800 65.673 57.289
1513340000 65.688 57.303
1513383200 65.702 57.317
1513426400 65.717 57.331
1513469600 65.731 57.345
1513512800 65.745 57.359
1513556000 65.760 57.372
1513599200 65.774 57.386
1513642400 65.788 57.400
1513685600 65.802 57.413
1513728800 65.816 57.427
1513772000 65.830 57.440
1513815200 65.844 57.454
1513858400 65.858 57.467
1513901600 65.872 57.480
1513944800 65.885 57.493
1513988000 65.899 57.507
1514031200 65.913 57.520
1514074400 65.926 57.533
1514117600 65.940 57.546
1514160800 65.953 57.559
1514204000 65.966 57.572
1514247200 65.980 57.584
1514290400 65.993 57.597
1514333600 66.006 57.610
1514376800 66.019 57.623
1514420000 66.032 57.635
1514463200 66.045 57.648
1514506400 66.058 57.660
1514549600 66.071 57.673
1514592800 66.084 57.685
1514636000 66.096 57.697
1514679200 66.109 57.710
1514722400 66.122 57.722
1514765600 66.134 57.734
1514808800 66.147 57.746
1514852000 66.159 57.758
1514895200 66.171 57.770
1514938400 66.184 57.782
1514981600 66.196 57.794
1515024800 66.208 57.806
1515068000 66.220 57.818
1515111200 66.232 57.830
1515154400 66.244 57.842
1515197600 66.256 57.853
1515240800 66.268 57.865
1515284000 66.280 57.876
1515327200 66.291 57.888
1515370400 66.303 57.899
1515413600 66.315 57.911
1515456800 66.326 57.922
1515500000 66.338 57.933
1515543200 66.349 57.945
1515586400 66.361 57.956
1515629600 66.372 57.967
1515672800 66.383 57.978
1515716000 66.394 57.989
1515759200 66.406 58.000
1515802400 66.417 58.011
1515845600 66.428 58.022
1515888800 66.439 58.033
1515932000 66.450 58.044
1515975200 66.460 58.054
1516018400 66.471 58.065
1516061600 66.482 58.076
1516104800 66.493 58.086
1516148000 66.503 58.097
1516191200 66.514 58.107
1516234400 66.524 58.118
1516277600 66.535 58.128
1516320800 66.545 58.139
1516364000 66.556 58.149
1516407200 66.566 58.159
1516450400 66.576 58.169
1516493600 66.586 58.180
1516536800 66.597 58.190
1516580000 66.607 58.200
1516623200 66.617 58.210
1516666400 66.627 58.220
1516709600 66.636 58.230
1516752800 66.646 58.240
1516796000 66.656 58.249
1516839200 66.666 58.259
1516882400 66.676 58.269
1516925600 66.685 58.279
1516968800 66.695 58.288
1517012000 66.704 58.298
1517055200 66.714 58.307
1517098400 66.723 58.317
1517141600 66.732 58.326
1517184800 66.742 58.336
1517228000 66.751 58.345
1517271200 66.760 58.354
1517314400 66.769 58.364
1517357600 66.778 58.373
1517400800 66.787 58.382
1517444000 66.796 58.391
1517487200 66.805 58.400
1517530400 66.814 58.409
1517573600 66.823 58.418
1517616800 66.832 58.427
1517660000 66.840 58.436
1517703200 66.849 58.445
1517746400 66.858 58.454
1517789600 66.866 58.462
1517832800 66.875 58.471
1517876000 66.883 58.480
1517919200 66.892 58.488
1517962400 66.900 58.497
1518005600 66.908 58.505
1518048800 66.917 58.514
1518092000 66.925 58.522
1518135200 66.933 58.531
1518178400 66.941 58.539
1518221600 66.949 58.547
1518264800 66.957 58.556
1518308000 66.965 58.564
1518351200 66.973 58.572
1518394400 66.981 58.580
1518437600 66.988 58.588
1518480800 66.996 58.596
1518524000 67.004 58.604
1518567200 67.011 58.612
1518610400 67.019 58.620
1518653600 67.027 58.628
1518696800 67.034 58.636
1518740000 67.042 58.644
1518783200 67.049 58.651
1518826400 67.056 58.659
1518869600 67.064 58.667
1518912800 67.071 58.674
1518956000 67.078 58.682
1518999200 67.085 58.689
1519042400 67.092 58.697
1519085600 67.099 58.704
1519128800 67.106 58.712
1519172000 67.113 58.719
1519215200 67.120 58.726
1519258400 67.127 58.734
1519301600 67.134 58.741
1519344800 67.140 58.748
1519388000 67.147 58.755
1519431200 67.154 58.762
1519474400 67.160 58.769
1519517600 67.167 58.776
1519560800 67.174 58.783
1519604000 67.180 58.790
1519647200 67.186 58.797
1519690400 67.193 58.804
1519733600 67.199 58.811
1519776800 67.205 58.818
1519820000 67.212 58.825
1519863200 67.218 58.831
1519906400 67.224 58.838
1519949600 67.230 58.845
1519992800 67.236 58.851
1520036000 67.242 58.858
1520079200 67.248 58.864
1520122400 67.254 58.871
1520165600 67.260 58.877
1520208800 67.266 58.883
1520252000 67.272 58.890
1520295200 67.277 58.896
1520338400 67.283 58.902
1520381600 67.289 58.909
1520424800 67.294 58.915
1520468000 67.300 58.921
1520511200 67.305 58.927
1520554400 67.311 58.933
1520597600 67.316 58.939
1520640800 67.322 58.945
1520684000 67.327 58.951
1520727200 67.332 58.957
1520770400 67.337 58.963
1520813600 67.343 58.969
1520856800 67.348 58.975
1520900000 67.353 58.980
1520943200 67.358 58.986
1520986400 67.363 58.992
1521029600 67.368 58.997
1521072800 67.373 59.003
1521116000 67.378 59.009
1521159200 67.383 59.014
1521202400 67.388 59.020
1521245600 67.392 59.025
1521288800 67.397 59.031
1521332000 67.402 59.036
1521375200 67.406 59.041
1521418400 67.411 59.047
1521461600 67.416 59.052
1521504800 67.420 59.057
1521548000 67.425 59.062
1521591200 67.429 59.068
1521634400 67.433 59.073
1521677600 67.438 59.078
1521720800 67.442 59.083
1521764000 67.446 59.088
1521807200 67.451 59.093
1521850400 67.455 59.098
1521893600 67.459 59.103
1521936800 67.463 59.108
1521980000 67.467 59.113
1522023200 67.471 59.117
1522066400 67.475 59.122
1522109600 67.479 59.127
1522152800 67.483 59.132
1522196000 67.487 59.136
1522239200 67.491 59.141
1522282400 67.495 59.146
1522325600 67.498 59.150
1522368800 67.502 59.155
1522412000 67.506 59.159
1522455200 67.510 59.164
1522498400 67.513 59.168
1522541600 67.517 59.173
1522584800 67.520 59.177
1522628000 67.524 59.182
1522671200 67.527 59.186
1522714400 67.531 59.190
1522757600 67.534 59.194
1522800800 67.537 59.199
1522844000 67.541 59.203
1522887200 67.544 59.207
1522930400 67.547 59.211
1522973600 67.550 59.215
1523016800 67.554 59.219
1523060000 67.557 59.223
1523103200 67.560 59.227
1523146400 67.563 59.231
1523189600 67.566 59.235
1523232800 67.569 59.239
1523276000 67.572 59.243
1523319200 67.575 59.247
1523362400 67.578 59.251
1523405600 67.580 59.254
1523448800 67.583 59.258
1523492000 67.586 59.262
1523535200 67.589 59.266
1523578400 67.591 59.269
1523621600 67.594 59.273
1523664800 67.597 59.276
1523708000 67.599 59.280
1523751200 67.602 59.283
1523794400 67.604 59.287
1523837600 67.607 59.290
1523880800 67.609 59.294
1523924000 67.612 59.297
1523967200 67.614 59.301
1524010400 67.616 59.304
1524053600 67.619 59.307
1524096800 67.621 59.311
1524140000 67.623 59.314
1524183200 67.625 59.317
1524226400 67.628 59.320
1524269600 67.630 59.324
1524312800 67.632 59.327
1524356000 67.634 59.330
1524399200 67.636 59.333
1524442400 67.638 59.336
1524485600 67.640 59.339
1524528800 67.642 59.342
1524572000 67.644 59.345
1524615200 67.646 59.348
1524658400 67.647 59.351
1524701600 67.649 59.354
1524744800 67.651 59.357
1524788000 67.653 59.359
1524831200 67.655 59.362
1524874400 67.656 59.365
1524917600 67.658 59.368
1524960800 67.660 59.370
1525004000 67.661 59.373
1525047200 67.663 59.376
1525090400 67.664 59.378
1525133600 67.666 59.381
1525176800 67.667 59.384
1525220000 67.669 59.386
1525263200 67.670 59.389
1525306400 67.671 59.391
1525349600 67.673 59.394
1525392800 67.674 59.396
1525436000 67.675 59.399
1525479200 67.677 59.401
1525522400 67.678 59.403
1525565600 67.679 59.406
1525608800 67.680 59.408
1525652000 67.681 59.410
1525695200 67.682 59.413
1525738400 67.684 59.415
1525781600 67.685 59.417
1525824800 67.686 59.419
1525868000 67.687 59.422
1525911200 67.688 59.424
1525954400 67.689 59.426
1525997600 67.689 59.428
1526040800 67.690 59.430
1526084000 67.691 59.432
1526127200 67.692 59.434
1526170400 67.693 59.436
1526213600 67.694 59.438
1526256800 67.694 59.440
1526300000 67.695 59.442
1526343200 67.696 59.444
1526386400 67.696 59.446
1526429600 67.697 59.448
1526472800 67.698 59.449
1526516000 67.698 59.451
1526559200 67.699 59.453
1526602400 67.699 59.455
1526645600 67.700 59.457
1526688800 67.700 59.458
1526732000 67.701 59.460
1526775200 67.701 59.462
1526818400 67.702 59.463
1526861600 67.702 59.465
1526904800 67.702 59.467
1526948000 67.703 59.468
1526991200 67.703 59.470
1527034400 67.703 59.471
1527077600 67.703 59.473
1527120800 67.704 59.474
1527164000 67.704 59.476
1527207200 67.704 59.477
1527250400 67.704 59.479
1527293600 67.704 59.480
1527336800 67.704 59.481
1527380000 67.705 59.483
1527423200 67.705 59.484
1527466400 67.705 59.485
1527509600 67.705 59.487
1527552800 67.705 59.488
1527596000 67.705 59.489
1527639200 67.704 59.491
1527682400 67.704 59.492
1527725600 67.704 59.493
1527768800 67.704 59.494
1527812000 67.704 59.495
1527855200 67.704 59.496
1527898400 67.704 59.498
1527941600 67.703 59.499
1527984800 67.703 59.500
1528028000 67.703 59.501
1528071200 67.703 59.502
1528114400 67.702 59.503
1528157600 67.702 59.504
1528200800 67.701 59.505
1528244000 67.701 59.506
1528287200 67.701 59.507
1528330400 67.700 59.508
1528373600 67.700 59.509
1528416800 67.699 59.509
1528460000 67.699 59.510
1528503200 67.698 59.511
1528546400 67.698 59.512
1528589600 67.697 59.513
1528632800 67.697 59.514
1528676000 67.696 59.514
1528719200 67.695 59.515
1528762400 67.695 59.516
1528805600 67.694 59.517
1528848800 67.694 59.517
1528892000 67.693 59.518
1528935200 67.692 59.519
1528978400 67.691 59.519
1529021600 67.691 59.520
1529064800 67.690 59.521
1529108000 67.689 59.521
1529151200 67.688 59.522
1529194400 67.687 59.522
1529237600 67.687 59.523
1529280800 67.686 59.524
1529324000 67.685 59.524
1529367200 67.684 59.525
1529410400 67.683 59.525
1529453600 67.682 59.525
1529496800 67.681 59.526
1529540000 67.680 59.526
1529583200 67.679 59.527
1529626400 67.678 59.527
1529669600 67.677 59.528
1529712800 67.676 59.528
1529756000 67.675 59.528
1529799200 67.674 59.529
1529842400 67.673 59.529
1529885600 67.672 59.529
1529928800 67.670 59.530
1529972000 67.669 59.530
1530015200 67.668 59.530
1530058400 67.667 59.531
1530101600 67.666 59.531
1530144800 67.665 59.531
1530188000 67.663 59.531
1530231200 67.662 59.531
1530274400 67.661 59.532
1530317600 67.660 59.532
1530360800 67.658 59.532
1530404000 67.657 59.532
1530447200 67.656 59.532
1530490400 67.654 59.532
1530533600 67.653 59.532
1530576800 67.652 59.533
1530620000 67.650 59.533
1530663200 67.649 59.533
1530706400 67.647 59.533
1530749600 67.646 59.533
1530792800 67.644 59.533
1530836000 67.643 59.533
1530879200 67.642 59.533
1530922400 67.640 59.533
1530965600 67.639 59.533
1531008800 67.637 59.533
1531052000 67.635 59.533
1531095200 67.634 59.533
1531138400 67.632 59.533
1531181600 67.631 59.533
1531224800 67.629 59.533
1531268000 67.628 59.532
1531311200 67.626 59.532
1531354400 67.624 59.532
1531397600 67.623 59.532
1531440800 67.621 59.532
1531484000 67.619 59.532
1531527200 67.618 59.532
1531570400 67.616 59.531
1531613600 67.614 59.531
1531656800 67.613 59.531
1531700000 67.611 59.531
1531743200 67.609 59.531
1531786400 67.607 59.530
1531829600 67.606 59.530
1531872800 67.604 59.530
1531916000 67.602 59.530
1531959200 67.600 59.529
1532002400 67.599 59.529
1532045600 67.597 59.529
1532088800 67.595 59.528
1532132000 67.593 59.528
1532175200 67.591 59.528
1532218400 67.589 59.528
1532261600 67.588 59.527
1532304800 67.586 59.527
1532348000 67.584 59.526
1532391200 67.582 59.526
1532434400 67.580 59.526
1532477600 67.578 59.525
1532520800 67.576 59.525
1532564000 67.574 59.525
1532607200 67.572 59.524
1532650400 67.570 59.524
1532693600 67.568 59.523
1532736800 67.566 59.523
1532780000 67.565 59.523
1532823200 67.563 59.522
1532866400 67.561 59.522
1532909600 67.559 59.521
1532952800 67.557 59.521
1532996000 67.555 59.520
1533039200 67.552 59.520
1533082400 67.550 59.519
1533125600 67.548 59.519
1533168800 67.546 59.518
1533212000 67.544 59.518
1533255200 67.542 59.517
1533298400 67.540 59.517
1533341600 67.538 59.516
1533384800 67.536 59.516
1533428000 67.534 59.515
1533471200 67.532 59.515
1533514400 67.530 59.514
1533557600 67.528 59.514
1533600800 67.526 59.513
1533644000 67.523 59.512
1533687200 67.521 59.512
1533730400 67.519 59.511
1533773600 67.517 59.511
1533816800 67.515 59.510
1533860000 67.513 59.510
1533903200 67.511 59.509
1533946400 67.508 59.508
1533989600 67.506 59.508
1534032800 67.504 59.507
1534076000 67.502 59.506
1534119200 67.500 59.506
1534162400 67.498 59.505
1534205600 67.495 59.505
1534248800 67.493 59.504
1534292000 67.491 59.503
1534335200 67.489 59.503
1534378400 67.487 59.502
1534421600 67.484 59.501
1534464800 67.482 59.501
1534508000 67.480 59.500
1534551200 67.478 59.500
1534594400 67.475 59.499
1534637600 67.473 59.498
1534680800 67.471 59.498
1534724000 67.469 59.497
1534767200 67.466 59.496
1534810400 67.464 59.496
1534853600 67.462 59.495
1534896800 67.460 59.494
1534940000 67.457 59.493
1534983200 67.455 59.493
1535026400 67.453 59.492
1535069600 67.451 59.491
1535112800 67.448 59.491
1535156000 67.446 59.490
1535199200 67.444 59.489
1535242400 67.442 59.489
1535285600 67.439 59.488
1535328800 67.437 59.487
1535372000 67.435 59.487
1535415200 67.433 59.486
1535458400 67.430 59.485
1535501600 67.428 59.485
1535544800 67.426 59.484
1535588000 67.424 59.483
1535631200 67.421 59.482
1535674400 67.419 59.482
1535717600 67.417 59.481
1535760800 67.414 59.480
1535804000 67.412 59.480
1535847200 67.410 59.479
1535890400 67.408 59.478
1535933600 67.405 59.478
1535976800 67.403 59.477
1536020000 67.401 59.476
1536063200 67.399 59.475
1536106400 67.396 59.475
1536149600 67.394 59.474
1536192800 67.392 59.473
1536236000 67.389 59.473
1536279200 67.387 59.472
1536322400 67.385 59.471
1536365600 67.383 59.471
1536408800 67.380 59.470
1536452000 67.378 59.469
1536495200 67.376 59.469
1536538400 67.374 59.468
1536581600 67.371 59.467
1536624800 67.369 59.467
1536668000 67.367 59.466
1536711200 67.365 59.465
1536754400 67.362 59.464
1536797600 67.360 59.464
1536840800 67.358 59.463
1536884000 67.356 59.462
1536927200 67.353 59.462
1536970400 67.351 59.461
1537013600 67.349 59.460
1537056800 67.347 59.460
1537100000 67.345 59.459
1537143200 67.342 59.459
1537186400 67.340 59.458
1537229600 67.338 59.457
1537272800 67.336 59.457
1537316000 67.333 59.456
1537359200 67.331 59.455
1537402400 67.329 59.455
1537445600 67.327 59.454
1537488800 67.325 59.453
1537532000 67.322 59.453
1537575200 67.320 59.452
1537618400 67.318 59.451
1537661600 67.316 59.451
1537704800 67.314 59.450
1537748000 67.311 59.450
1537791200 67.309 59.449
1537834400 67.307 59.448
1537877600 67.305 59.448
1537920800 67.303 59.447
1537964000 67.300 59.446
1538007200 67.298 59.446
1538050400 67.296 59.445
1538093600 67.294 59.445
1538136800 67.292 59.444
1538180000 67.290 59.443
1538223200 67.287 59.443
1538266400 67.285 59.442
1538309600 67.283 59.441
1538352800 67.281 59.441
1538396000 67.279 59.440
1538439200 67.276 59.440
1538482400 67.274 59.439
1538525600 67.272 59.438
1538568800 67.270 59.438
1538612000 67.268 59.437
1538655200 67.266 59.437
1538698400 67.263 59.436
1538741600 67.261 59.435
1538784800 67.259 59.435
1538828000 67.257 59.434
1538871200 67.255 59.434
1538914400 67.253 59.433
1538957600 67.251 59.432
1539000800 67.248 59.432
1539044000 67.246 59.431
1539087200 67.244 59.431
1539130400 67.242 59.430
1539173600 67.240 59.429
1539216800 67.238 59.429
1539260000 67.235 59.428
1539303200 67.233 59.428
1539346400 67.231 59.427
1539389600 67.229 59.426
1539432800 67.227 59.426
1539476000 67.225 59.425
1539519200 67.223 59.425
1539562400 67.220 59.424
1539605600 67.218 59.423
1539648800 67.216 59.423
1539692000 67.214 59.422
1539735200 67.212 59.422
1539778400 67.210 59.421
1539821600 67.208 59.421
1539864800 67.205 59.420
1539908000 67.203 59.419
1539951200 67.201 59.419
1539994400 67.199 59.418
1540037600 67.197 59.418
1540080800 67.195 59.417
1540124000 67.193 59.417
1540167200 67.191 59.416
1540210400 67.188 59.415
1540253600 67.186 59.415
1540296800 67.184 59.414
1540340000 67.182 59.414
1540383200 67.180 59.413
1540426400 67.178 59.412
1540469600 67.176 59.412
1540512800 67.173 59.411
1540556000 67.171 59.411
1540599200 67.169 59.410
1540642400 67.167 59.410
1540685600 67.165 59.409
1540728800 67.163 59.408
1540772000 67.161 59.408
1540815200 67.159 59.407
1540858400 67.156 59.407
1540901600 67.154 59.406
1540944800 67.152 59.406
1540988000 67.150 59.405
1541031200 67.148 59.404
1541074400 67.146 59.404
1541117600 67.144 59.403
1541160800 67.142 59.403
1541204000 67.139 59.402
1541247200 67.137 59.402
1541290400 67.135 59.401
1541333600 67.133 59.400
1541376800 67.131 59.400
1541420000 67.129 59.399
1541463200 67.127 59.399
1541506400 67.125 59.398
1541549600 67.122 59.398
1541592800 67.120 59.397
1541636000 67.118 59.396
1541679200 67.116 59.396
1541722400 67.114 59.395
1541765600 67.112 59.395
1541808800 67.110 59.394
1541852000 67.108 59.394
1541895200 67.105 59.393
1541938400 67.103 59.392
1541981600 67.101 59.392
1542024800 67.099 59.391
1542068000 67.097 59.391
1542111200 67.095 59.390
1542154400 67.093 59.390
1542197600 67.091 59.389
1542240800 67.088 59.388
1542284000 67.086 59.388
1542327200 67.084 59.387
1542370400 67.082 59.387
1542413600 67.080 59.386
1542456800 67.078 59.385
1542500000 67.076 59.385
1542543200 67.073 59.384
1542586400 67.071 59.384
1542629600 67.069 59.383
1542672800 67.067 59.383
1542716000 67.065 59.382
1542759200 67.063 59.381
1542802400 67.061 59.381
1542845600 67.058 59.380
1542888800 67.056 59.380
1542932000 67.054 59.379
1542975200 67.052 59.378
1543018400 67.050 59.378
1543061600 67.048 59.377
1543104800 67.046 59.377
1543148000 67.043 59.376
1543191200 67.041 59.376
1543234400 67.039 59.375
1543277600 67.037 59.374
1543320800 67.035 59.374
1543364000 67.033 59.373
1543407200 67.031 59.373
1543450400 67.028 59.372
1543493600 67.026 59.371
1543536800 67.024 59.371
1543580000 67.022 59.370
1543623200 67.020 59.370
1543666400 67.018 59.369
1543709600 67.015 59.368
1543752800 67.013 59.368
1543796000 67.011 59.367
1543839200 67.009 59.366
1543882400 67.007 59.366
1543925600 67.005 59.365
1543968800 67.002 59.365
1544012000 67.000 59.364
1544055200 66.998 59.363
1544098400 66.996 59.363
1544141600 66.994 59.362
1544184800 66.992 59.362
1544228000 66.989 59.361
1544271200 66.987 59.360
1544314400 66.985 59.360
1544357600 66.983 59.359
1544400800 66.981 59.358
1544444000 66.978 59.358
1544487200 66.976 59.357
1544530400 66.974 59.357
1544573600 66.972 59.356
1544616800 66.970 59.355
1544660000 66.967 59.355
1544703200 66.965 59.354
1544746400 66.963 59.353
1544789600 66.961 59.353
1544832800 66.959 59.352
1544876000 66.956 59.351
1544919200 66.954 59.351
1544962400 66.952 59.350
1545005600 66.950 59.349
1545048800 66.948 59.349
1545092000 66.945 59.348
1545135200 66.943 59.348
1545178400 66.941 59.347
1545221600 66.939 59.346
1545264800 66.937 59.346
1545308000 66.934 59.345
1545351200 66.932 59.344
1545394400 66.930 59.344
1545437600 66.928 59.343
1545480800 66.925 59.342
1545524000 66.923 59.342
1545567200 66.921 59.341
1545610400 66.919 59.340
1545653600 66.916 59.340
1545696800 66.914 59.339
1545740000 66.912 59.338
1545783200 66.910 59.337
1545826400 66.907 59.337
1545869600 66.905 59.336
1545912800 66.903 59.335
1545956000 66.901 59.335
1545999200 66.898 59.334
1546042400 66.896 59.333
1546085600 66.894 59.333
1546128800 66.892 59.332
1546172000 66.889 59.331
1546215200 66.887 59.331
1546258400 66.885 59.330
1546301600 66.883 59.329
1546344800 66.880 59.328
1546388000 66.878 59.328
1546431200 66.876 59.327
1546474400 66.873 59.326
1546517600 66.871 59.326
1546560800 66.869 59.325
1546604000 66.867 59.324
1546647200 66.864 59.323
1546690400 66.862 59.323
1546733600 66.860 59.322
1546776800 66.857 59.321
1546820000 66.855 59.320
1546863200 66.853 59.320
1546906400 66.850 59.319
1546949600 66.848 59.318
1546992800 66.846 59.317
1547036000 66.843 59.317
1547079200 66.841 59.316
1547122400 66.839 59.315
1547165600 66.836 59.314
1547208800 66.834 59.314
1547252000 66.832 59.313
1547295200 66.829 59.312
1547338400 66.827 59.311
1547381600 66.825 59.311
1547424800 66.822 59.310
1547468000 66.820 59.309
1547511200 66.818 59.308
1547554400 66.815 59.307
1547597600 66.813 59.307
1547640800 66.811 59.306
1547684000 66.808 59.305
1547727200 66.806 59.304
1547770400 66.803 59.303
1547813600 66.801 59.303
1547856800 66.799 59.302
1547900000 66.796 59.301
1547943200 66.794 59.300
1547986400 66.791 59.299
1548029600 66.789 59.299
1548072800 66.787 59.298
1548116000 66.784 59.297
1548159200 66.782 59.296
1548202400 66.779 59.295
1548245600 66.777 59.294
1548288800 66.775 59.294
1548332000 66.772 59.293
1548375200 66.770 59.292
1548418400 66.767 59.291
1548461600 66.765 59.290
1548504800 66.762 59.289
1548548000 66.760 59.289
1548591200 66.758 59.288
1548634400 66.755 59.287
1548677600 66.753 59.286
1548720800 66.750 59.285
1548764000 66.748 59.284
1548807200 66.745 59.283
1548850400 66.743 59.282
1548893600 66.740 59.282
1548936800 66.738 59.281
1548980000 66.735 59.280
1549023200 66.733 59.279
1549066400 66.730 59.278
1549109600 66.728 59.277
1549152800 66.725 59.276
1549196000 66.723 59.275
1549239200 66.720 59.274
1549282400 66.718 59.273
1549325600 66.715 59.273
1549368800 66.713 59.272
1549412000 66.710 59.271
1549455200 66.708 59.270
1549498400 66.705 59.269
1549541600 66.703 59.268
1549584800 66.700 59.267
1549628000 66.698 59.266
1549671200 66.695 59.265
1549714400 66.693 59.264
1549757600 66.690 59.263
1549800800 66.688 59.262
1549844000 66.685 59.261
1549887200 66.682 59.260
1549930400 66.680 59.259
1549973600 66.677 59.258
1550016800 66.675 59.257
1550060000 66.672 59.256
1550103200 66.670 59.255
1550146400 66.667 59.254
1550189600 66.664 59.253
1550232800 66.662 59.252
1550276000 66.659 59.251
1550319200 66.657 59.250
1550362400 66.654 59.249
1550405600 66.651 59.248
1550448800 66.649 59.247
1550492000 66.646 59.246
1550535200 66.643 59.245
1550578400 66.641 59.244
1550621600 66.638 59.243
1550664800 66.635 59.242
1550708000 66.633 59.241
1550751200 66.630 59.240
1550794400 66.628 59.239
1550837600 66.625 59.238
1550880800 66.622 59.237
1550924000 66.619 59.236
1550967200 66.617 59.235
1551010400 66.614 59.234
1551053600 66.611 59.233
1551096800 66.609 59.231
1551140000 66.606 59.230
1551183200 66.603 59.229
1551226400 66.601 59.228
1551269600 66.598 59.227
1551312800 66.595 59.226
1551356000 66.592 59.225
1551399200 66.590 59.224
1551442400 66.587 59.223
1551485600 66.584 59.221
1551528800 66.581 59.220
1551572000 66.579 59.219
1551615200 66.576 59.218
1551658400 66.573 59.217
1551701600 66.570 59.216
1551744800 66.568 59.215
1551788000 66.565 59.213
1551831200 66.562 59.212
1551874400 66.559 59.211
1551917600 66.557 59.210
1551960800 66.554 59.209
1552004000 66.551 59.208
1552047200 66.548 59.206
1552090400 66.545 59.205
1552133600 66.542 59.204
1552176800 66.540 59.203
1552220000 66.537 59.202
1552263200 66.534 59.200
1552306400 66.531 59.199
1552349600 66.528 59.198
1552392800 66.525 59.197
1552436000 66.523 59.195
1552479200 66.520 59.194
1552522400 66.517 59.193
1552565600 66.514 59.192
1552608800 66.511 59.190
1552652000 66.508 59.189
1552695200 66.505 59.188
1552738400 66.502 59.187
1552781600 66.499 59.185
1552824800 66.497 59.184
1552868000 66.494 59.183
1552911200 66.491 59.182
1552954400 66.488 59.180
1552997600 66.485 59.179
1553040800 66.482 59.178
1553084000 66.479 59.176
1553127200 66.476 59.175
1553170400 66.473 59.174
1553213600 66.470 59.172
1553256800 66.467 59.171
1553300000 66.464 59.170
1553343200 66.461 59.168
1553386400 66.458 59.167
1553429600 66.455 59.166
1553472800 66.452 59.164
1553516000 66.449 59.163
1553559200 66.446 59.162
1553602400 66.443 59.160
1553645600 66.440 59.159
1553688800 66.437 59.157
1553732000 66.434 59.156
1553775200 66.431 59.155
1553818400 66.428 59.153
1553861600 66.425 59.152
1553904800 66.422 59.150
1553948000 66.419 59.149
1553991200 66.416 59.147
1554034400 66.413 59.146
1554077600 66.409 59.145
1554120800 66.406 59.143
1554164000 66.403 59.142
1554207200 66.400 59.140
1554250400 66.397 59.139
1554293600 66.394 59.137
1554336800 66.391 59.136
1554380000 66.388 59.134
1554423200 66.385 59.133
1554466400 66.381 59.131
1554509600 66.378 59.130
1554552800 66.375 59.128
1554596000 66.372 59.127
1554639200 66.369 59.125
1554682400 66.366 59.124
1554725600 66.362 59.122
1554768800 66.359 59.121
1554812000 66.356 59.119
1554855200 66.353 59.118
1554898400 66.349 59.116
1554941600 66.346 59.115
1554984800 66.343 59.113
1555028000 66.340 59.111
1555071200 66.337 59.110
1555114400 66.333 59.108
1555157600 66.330 59.107
1555200800 66.327 59.105
1555244000 66.324 59.103
1555287200 66.320 59.102
1555330400 66.317 59.100
1555373600 66.314 59.099
1555416800 66.310 59.097
1555460000 66.307 59.095
1555503200 66.304 59.094
1555546400 66.300 59.092
1555589600 66.297 59.090
1555632800 66.294 59.089
1555676000 66.290 59.087
1555719200 66.287 59.085
1555762400 66.284 59.084
1555805600 66.280 59.082
1555848800 66.277 59.080
1555892000 66.274 59.079
1555935200 66.270 59.077
1555978400 66.267 59.075
1556021600 66.263 59.073
1556064800 66.260 59.072
1556108000 66.257 59.070
1556151200 66.253 59.068
1556194400 66.250 59.066
1556237600 66.246 59.065
1556280800 66.243 59.063
1556324000 66.239 59.061
1556367200 66.236 59.059
1556410400 66.232 59.058
1556453600 66.229 59.056
1556496800 66.225 59.054
1556540000 66.222 59.052
1556583200 66.218 59.050
1556626400 66.215 59.049
1556669600 66.211 59.047
1556712800 66.208 59.045
1556756000 66.204 59.043
1556799200 66.201 59.041
1556842400 66.197 59.039
1556885600 66.194 59.038
1556928800 66.190 59.036
1556972000 66.187 59.034
1557015200 66.183 59.032
1557058400 66.179 59.030
1557101600 66.176 59.028
1557144800 66.172 59.026
1557188000 66.169 59.024
1557231200 66.165 59.022
1557274400 66.161 59.021
1557317600 66.158 59.019
1557360800 66.154 59.017
1557404000 66.150 59.015
1557447200 66.147 59.013
1557490400 66.143 59.011
1557533600 66.139 59.009
1557576800 66.136 59.007
1557620000 66.132 59.005
1557663200 66.128 59.003
1557706400 66.125 59.001
1557749600 66.121 58.999
1557792800 66.117 58.997
1557836000 66.114 58.995
1557879200 66.110 58.993
1557922400 66.106 58.991
1557965600 66.102 58.989
1558008800 66.098 58.987
1558052000 66.095 58.985
1558095200 66.091 58.983
1558138400 66.087 58.980
1558181600 66.083 58.978
1558224800 66.080 58.976
1558268000 66.076 58.974
1558311200 66.072 58.972
1558354400 66.068 58.970
1558397600 66.064 58.968
1558440800 66.060 58.966
1558484000 66.057 58.964
1558527200 66.053 58.961
1558570400 66.049 58.959
1558613600 66.045 58.957
1558656800 66.041 58.955
1558700000 66.037 58.953
1558743200 66.033 58.951
1558786400 66.029 58.948
1558829600 66.025 58.946
1558872800 66.021 58.944
1558916000 66.017 58.942
1558959200 66.013 58.940
1559002400 66.010 58.937
1559045600 66.006 58.935
1559088800 66.002 58.933
1559132000 65.998 58.931
1559175200 65.994 58.928
1559218400 65.990 58.926
1559261600 65.986 58.924
1559304800 65.982 58.922
1559348000 65.977 58.919
1559391200 65.973 58.917
1559434400 65.969 58.915
1559477600 65.965 58.912
1559520800 65.961 58.910
1559564000 65.957 58.908
1559607200 65.953 58.905
1559650400 65.949 58.903
1559693600 65.945 58.901
1559736800 65.941 58.898
1559780000 65.937 58.896
1559823200 65.932 58.894
1559866400 65.928 58.891
1559909600 65.924 58.889
1559952800 65.920 58.886
1559996000 65.916 58.884
1560039200 65.912 58.881
1560082400 65.907 58.879
1560125600 65.903 58.877
1560168800 65.899 58.874
1560212000 65.895 58.872
1560255200 65.891 58.869
1560298400 65.886 58.867
1560341600 65.882 58.864
1560384800 65.878 58.862
1560428000 65.874 58.859
1560471200 65.869 58.857
1560514400 65.865 58.854
1560557600 65.861 58.852
1560600800 65.856 58.849
1560644000 65.852 58.847
1560687200 65.848 58.844
1560730400 65.843 58.841
1560773600 65.839 58.839
1560816800 65.835 58.836
1560860000 65.830 58.834
1560903200 65.826 58.831
1560946400 65.822 58.828
1560989600 65.817 58.826
1561032800 65.813 58.823
1561076000 65.808 58.821
1561119200 65.804 58.818
1561162400 65.800 58.815
1561205600 65.795 58.813
1561248800 65.791 58.810
1561292000 65.786 58.807
1561335200 65.782 58.805
1561378400 65.777 58.802
1561421600 65.773 58.799
1561464800 65.768 58.796
1561508000 65.764 58.794
1561551200 65.759 58.791
1561594400 65.755 58.788
1561637600 65.750 58.786
1561680800 65.746 58.783
1561724000 65.741 58.780
1561767200 65.736 58.777
1561810400 65.732 58.774
1561853600 65.727 58.772
1561896800 65.723 58.769
1561940000 65.718 58.766
1561983200 65.713 58.763
1562026400 65.709 58.760
1562069600 65.704 58.757
1562112800 65.699 58.755
1562156000 65.695 58.752
1562199200 65.690 58.749
1562242400 65.685 58.746
1562285600 65.681 58.743
1562328800 65.676 58.740
1562372000 65.671 58.737
1562415200 65.667 58.734
1562458400 65.662 58.731
1562501600 65.657 58.728
1562544800 65.652 58.726
1562588000 65.647 58.723
1562631200 65.643 58.720
1562674400 65.638 58.717
1562717600 65.633 58.714
1562760800 65.628 58.711
1562804000 65.623 58.708
1562847200 65.619 58.705
1562890400 65.614 58.702
1562933600 65.609 58.699
1562976800 65.604 58.695
1563020000 65.599 58.692
1563063200 65.594 58.689
1563106400 65.589 58.686
1563149600 65.584 58.683
1563192800 65.580 58.680
1563236000 65.575 58.677
1563279200 65.570 58.674
1563322400 65.565 58.671
1563365600 65.560 58.668
1563408800 65.555 58.664
1563452000 65.550 58.661
1563495200 65.545 58.658
1563538400 65.540 58.655
1563581600 65.535 58.652
1563624800 65.530 58.649
1563668000 65.525 58.645
1563711200 65.520 58.642
1563754400 65.515 58.639
1563797600 65.509 58.636
1563840800 65.504 58.632
1563884000 65.499 58.629
1563927200 65.494 58.626
1563970400 65.489 58.623
1564013600 65.484 58.619
1564056800 65.479 58.616
1564100000 65.474 58.613
1564143200 65.468 58.609
1564186400 65.463 58.606
1564229600 65.458 58.603
1564272800 65.453 58.599
1564316000 65.448 58.596
1564359200 65.442 58.593
1564402400 65.437 58.589
1564445600 65.432 58.586
1564488800 65.427 58.582
1564532000 65.421 58.579
1564575200 65.416 58.576
1564618400 65.411 58.572
1564661600 65.405 58.569
1564704800 65.400 58.565
1564748000 65.395 58.562
1564791200 65.389 58.558
1564834400 65.384 58.555
1564877600 65.379 58.551
1564920800 65.373 58.548
1564964000 65.368 58.544
1565007200 65.363 58.541
1565050400 65.357 58.537
1565093600 65.352 58.534
1565136800 65.346 58.530
1565180000 65.341 58.526
1565223200 65.335 58.523
1565266400 65.330 58.519
1565309600 65.324 58.516
1565352800 65.319 58.512
1565396000 65.313 58.508
1565439200 65.308 58.505
1565482400 65.302 58.501
1565525600 65.297 58.498
1565568800 65.291 58.494
1565612000 65.286 58.490
1565655200 65.280 58.486
1565698400 65.275 58.483
1565741600 65.269 58.479
1565784800 65.263 58.475
1565828000 65.258 58.472
1565871200 65.252 58.468
1565914400 65.247 58.464
1565957600 65.241 58.460
1566000800 65.235 58.457
1566044000 65.230 58.453
1566087200 65.224 58.449
1566130400 65.218 58.445
1566173600 65.212 58.441
1566216800 65.207 58.438
1566260000 65.201 58.434
1566303200 65.195 58.430
1566346400 65.190 58.426
1566389600 65.184 58.422
1566432800 65.178 58.418
1566476000 65.172 58.415
1566519200 65.167 58.411
1566562400 65.161 58.407
1566605600 65.155 58.403
1566648800 65.149 58.399
1566692000 65.143 58.395
1566735200 65.138 58.391
1566778400 65.132 58.387
1566821600 65.126 58.383
1566864800 65.120 58.379
1566908000 65.114 58.376
1566951200 65.108 58.372
1566994400 65.102 58.368
1567037600 65.097 58.364
1567080800 65.091 58.360
1567124000 65.085 58.356
1567167200 65.079 58.352
1567210400 65.073 58.348
1567253600 65.067 58.344
1567296800 65.061 58.340
1567340000 65.055 58.336
1567383200 65.049 58.332
1567426400 65.043 58.328
1567469600 65.037 58.324
1567512800 65.031 58.320
1567556000 65.025 58.316
1567599200 65.019 58.311
1567642400 65.014 58.307
1567685600 65.008 58.303
1567728800 65.002 58.299
1567772000 64.996 58.295
1567815200 64.990 58.291
1567858400 64.983 58.287
1567901600 64.977 58.283
1567944800 64.971 58.279
1567988000 64.965 58.275
1568031200 64.959 58.271
1568074400 64.953 58.266
1568117600 64.947 58.262
1568160800 64.941 58.258
1568204000 64.935 58.254
1568247200 64.929 58.250
1568290400 64.923 58.246
1568333600 64.917 58.242
1568376800 64.911 58.237
1568420000 64.905 58.233
1568463200 64.899 58.229
1568506400 64.892 58.225
1568549600 64.886 58.221
1568592800 64.880 58.216
1568636000 64.874 58.212
1568679200 64.868 58.208
1568722400 64.862 58.204
1568765600 64.856 58.200
1568808800 64.850 58.195
1568852000 64.843 58.191
1568895200 64.837 58.187
1568938400 64.831 58.183
1568981600 64.825 58.179
1569024800 64.819 58.174
1569068000 64.813 58.170
1569111200 64.806 58.166
1569154400 64.800 58.162
1569197600 64.794 58.157
1569240800 64.788 58.153
1569284000 64.782 58.149
1569327200 64.776 58.145
1569370400 64.769 58.140
1569413600 64.763 58.136
1569456800 64.757 58.132
1569500000 64.751 58.127
1569543200 64.744 58.123
1569586400 64.738 58.119
1569629600 64.732 58.115
1569672800 64.726 58.110
1569716000 64.720 58.106
1569759200 64.713 58.102
1569802400 64.707 58.097
1569845600 64.701 58.093
1569888800 64.695 58.089
1569932000 64.688 58.085
1569975200 64.682 58.080
1570018400 64.676 58.076
1570061600 64.670 58.072
1570104800 64.663 58.067
1570148000 64.657 58.063
1570191200 64.651 58.059
1570234400 64.645 58.054
1570277600 64.638 58.050
1570320800 64.632 58.046
1570364000 64.626 58.041
1570407200 64.620 58.037
1570450400 64.613 58.033
1570493600 64.607 58.028
1570536800 64.601 58.024
1570580000 64.595 58.020
1570623200 64.588 58.015
1570666400 64.582 58.011
1570709600 64.576 58.007
1570752800 64.569 58.002
1570796000 64.563 57.998
1570839200 64.557 57.994
1570882400 64.551 57.989
1570925600 64.544 57.985
1570968800 64.538 57.981
1571012000 64.532 57.976
1571055200 64.525 57.972
1571098400 64.519 57.968
1571141600 64.513 57.963
1571184800 64.507 57.959
1571228000 64.500 57.955
1571271200 64.494 57.950
1571314400 64.488 57.946
1571357600 64.481 57.941
1571400800 64.475 57.937
1571444000 64.469 57.933
1571487200 64.463 57.928
1571530400 64.456 57.924
1571573600 64.450 57.920
1571616800 64.444 57.915
1571660000 64.437 57.911
1571703200 64.431 57.907
1571746400 64.425 57.902
1571789600 64.419 57.898
1571832800 64.412 57.894
1571876000 64.406 57.889
1571919200 64.400 57.885
1571962400 64.393 57.881
1572005600 64.387 57.876
1572048800 64.381 57.872
1572092000 64.375 57.868
1572135200 64.368 57.863
1572178400 64.362 57.859
1572221600 64.356 57.855
1572264800 64.350 57.850
1572308000 64.343 57.846
1572351200 64.337 57.842
1572394400 64.331 57.837
1572437600 64.325 57.833
1572480800 64.318 57.829
1572524000 64.312 57.824
1572567200 64.306 57.820
1572610400 64.299 57.816
1572653600 64.293 57.811
1572696800 64.287 57.807
1572740000 64.281 57.803
1572783200 64.275 57.798
1572826400 64.268 57.794
1572869600 64.262 57.790
1572912800 64.256 57.785
1572956000 64.250 57.781
1572999200 64.243 57.777
1573042400 64.237 57.772
1573085600 64.231 57.768
1573128800 64.225 57.764
1573172000 64.218 57.759
1573215200 64.212 57.755
1573258400 64.206 57.751
1573301600 64.200 57.747
1573344800 64.194 57.742
1573388000 64.187 57.738
1573431200 64.181 57.734
1573474400 64.175 57.730
1573517600 64.169 57.725
1573560800 64.163 57.721
1573604000 64.157 57.717
1573647200 64.150 57.712
1573690400 64.144 57.708
1573733600 64.138 57.704
1573776800 64.132 57.700
1573820000 64.126 57.695
1573863200 64.120 57.691
1573906400 64.113 57.687
1573949600 64.107 57.683
1573992800 64.101 57.679
1574036000 64.095 57.674
1574079200 64.089 57.670
1574122400 64.083 57.666
1574165600 64.077 57.662
1574208800 64.071 57.657
1574252000 64.064 57.653
1574295200 64.058 57.649
1574338400 64.052 57.645
1574381600 64.046 57.641
1574424800 64.040 57.636
1574468000 64.034 57.632
1574511200 64.028 57.628
1574554400 64.022 57.624
1574597600 64.016 57.620
1574640800 64.010 57.616
1574684000 64.004 57.612
1574727200 63.998 57.607
1574770400 63.992 57.603
1574813600 63.986 57.599
1574856800 63.980 57.595
1574900000 63.974 57.591
1574943200 63.968 57.587
1574986400 63.962 57.583
1575029600 63.956 57.579
1575072800 63.950 57.574
1575116000 63.944 57.570
1575159200 63.938 57.566
1575202400 63.932 57.562
1575245600 63.926 57.558
1575288800 63.920 57.554
1575332000 63.914 57.550
1575375200 63.908 57.546
1575418400 63.902 57.542
1575461600 63.896 57.538
1575504800 63.890 57.534
1575548000 63.884 57.530
1575591200 63.878 57.526
1575634400 63.873 57.522
1575677600 63.867 57.518
1575720800 63.861 57.514
1575764000 63.855 57.510
1575807200 63.849 57.506
1575850400 63.843 57.502
1575893600 63.837 57.498
1575936800 63.832 57.494
1575980000 63.826 57.490
1576023200 63.820 57.486
1576066400 63.814 57.482
1576109600 63.808 57.478
1576152800 63.803 57.474
1576196000 63.797 57.470
1576239200 63.791 57.466
1576282400 63.785 57.463
1576325600 63.780 57.459
1576368800 63.774 57.455
1576412000 63.768 57.451
1576455200 63.762 57.447
1576498400 63.757 57.443
1576541600 63.751 57.439
1576584800 63.745 57.435
1576628000 63.740 57.432
1576671200 63.734 57.428
1576714400 63.728 57.424
1576757600 63.723 57.420
1576800800 63.717 57.416
1576844000 63.711 57.413
1576887200 63.706 57.409
1576930400 63.700 57.405
1576973600 63.694 57.401
1577016800 63.689 57.398
1577060000 63.683 57.394
1577103200 63.678 57.390
1577146400 63.672 57.386
1577189600 63.667 57.383
1577232800 63.661 57.379
1577276000 63.656 57.375
1577319200 63.650 57.372
1577362400 63.645 57.368
1577405600 63.639 57.364
1577448800 63.634 57.361
1577492000 63.628 57.357
1577535200 63.623 57.353
1577578400 63.617 57.350
1577621600 63.612 57.346
1577664800 63.606 57.343
1577708000 63.601 57.339
1577751200 63.596 57.335
1577794400 63.590 57.332
1577837600 63.585 57.328
1577880800 63.579 57.325
1577924000 63.574 57.321
1577967200 63.569 57.318
1578010400 63.563 57.314
1578053600 63.558 57.311
1578096800 63.553 57.307
1578140000 63.548 57.304
1578183200 63.542 57.300
1578226400 63.537 57.297
1578269600 63.532 57.293
1578312800 63.527 57.290
1578356000 63.521 57.286
1578399200 63.516 57.283
1578442400 63.511 57.280
1578485600 63.506 57.276
1578528800 63.501 57.273
1578572000 63.495 57.270
1578615200 63.490 57.266
1578658400 63.485 57.263
1578701600 63.480 57.260
1578744800 63.475 57.256
1578788000 63.470 57.253
1578831200 63.465 57.250
1578874400 63.460 57.246
1578917600 63.455 57.243
1578960800 63.450 57.240
1579004000 63.445 57.237
1579047200 63.440 57.233
1579090400 63.435 57.230
1579133600 63.430 57.227
1579176800 63.425 57.224
1579220000 63.420 57.221
1579263200 63.415 57.217
1579306400 63.410 57.214
1579349600 63.405 57.211
1579392800 63.400 57.208
1579436000 63.395 57.205
1579479200 63.391 57.202
1579522400 63.386 57.199
1579565600 63.381 57.196
1579608800 63.376 57.193
1579652000 63.371 57.190
1579695200 63.367 57.187
1579738400 63.362 57.184
1579781600 63.357 57.181
1579824800 63.352 57.178
1579868000 63.348 57.175
1579911200 63.343 57.172
1579954400 63.338 57.169
1579997600 63.334 57.166
1580040800 63.329 57.163
1580084000 63.324 57.160
1580127200 63.320 57.157
1580170400 63.315 57.154
1580213600 63.311 57.151
1580256800 63.306 57.149
1580300000 63.301 57.146
1580343200 63.297 57.143
1580386400 63.292 57.140
1580429600 63.288 57.137
1580472800 63.283 57.135
1580516000 63.279 57.132
1580559200 63.274 57.129
1580602400 63.270 57.127
1580645600 63.266 57.124
1580688800 63.261 57.121
1580732000 63.257 57.118
1580775200 63.253 57.116
1580818400 63.248 57.113
1580861600 63.244 57.111
1580904800 63.240 57.108
1580948000 63.235 57.105
1580991200 63.231 57.103
1581034400 63.227 57.100
1581077600 63.223 57.098
1581120800 63.218 57.095
1581164000 63.214 57.093
1581207200 63.210 57.090
1581250400 63.206 57.088
1581293600 63.202 57.085
1581336800 63.198 57.083
1581380000 63.193 57.080
1581423200 63.189 57.078
1581466400 63.185 57.076
1581509600 63.181 57.073
1581552800 63.177 57.071
1581596000 63.173 57.069
1581639200 63.169 57.066
1581682400 63.165 57.064
1581725600 63.161 57.062
1581768800 63.157 57.059
1581812000 63.153 57.057
1581855200 63.150 57.055
1581898400 63.146 57.053
1581941600 63.142 57.051
1581984800 63.138 57.048
1582028000 63.134 57.046
1582071200 63.130 57.044
1582114400 63.127 57.042
1582157600 63.123 57.040
1582200800 63.119 57.038
1582244000 63.115 57.036
1582287200 63.112 57.034
1582330400 63.108 57.032
1582373600 63.104 57.030
1582416800 63.101 57.028
1582460000 63.097 57.026
1582503200 63.094 57.024
1582546400 63.090 57.022
1582589600 63.086 57.020
1582632800 63.083 57.018
1582676000 63.079 57.016
1582719200 63.076 57.014
1582762400 63.073 57.012
1582805600 63.069 57.010
1582848800 63.066 57.009
1582892000 63.062 57.007
1582935200 63.059 57.005
1582978400 63.056 57.003
1583021600 63.052 57.002
1583064800 63.049 57.000
1583108000 63.046 56.998
1583151200 63.042 56.997
1583194400 63.039 56.995
1583237600 63.036 56.993
1583280800 63.033 56.992
1583324000 63.029 56.990
1583367200 63.026 56.988
1583410400 63.023 56.987
1583453600 63.020 56.985
1583496800 63.017 56.984
1583540000 63.014 56.982
1583583200 63.011 56.981
1583626400 63.008 56.979
1583669600 63.005 56.978
1583712800 63.002 56.977
1583756000 62.999 56.975
1583799200 62.996 56.974
1583842400 62.993 56.973
1583885600 62.990 56.971
1583928800 62.987 56.970
1583972000 62.985 56.969
1584015200 62.982 56.967
1584058400 62.979 56.966
1584101600 62.976 56.965
1584144800 62.973 56.964
1584188000 62.971 56.963
1584231200 62.968 56.961
1584274400 62.965 56.960
1584317600 62.963 56.959
1584360800 62.960 56.958
1584404000 62.958 56.957
1584447200 62.955 56.956
1584490400 62.952 56.955
1584533600 62.950 56.954
1584576800 62.947 56.953
1584620000 62.945 56.952
1584663200 62.942 56.951
1584706400 62.940 56.950
1584749600 62.938 56.949
1584792800 62.935 56.948
1584836000 62.933 56.948
1584879200 62.931 56.947
1584922400 62.928 56.946
1584965600 62.926 56.945
1585008800 62.924 56.944
1585052000 62.922 56.944
1585095200 62.919 56.943
1585138400 62.917 56.942
1585181600 62.915 56.942
1585224800 62.913 56.941
1585268000 62.911 56.940
1585311200 62.909 56.940
1585354400 62.907 56.939
1585397600 62.905 56.939
1585440800 62.903 56.938
1585484000 62.901 56.938
1585527200 62.899 56.937
1585570400 62.897 56.937
1585613600 62.895 56.936
1585656800 62.893 56.936
1585700000 62.891 56.936
1585743200 62.890 56.935
1585786400 62.888 56.935
1585829600 62.886 56.935
1585872800 62.884 56.934
1585916000 62.883 56.934
1585959200 62.881 56.934
1586002400 62.879 56.934
1586045600 62.878 56.934
1586088800 62.876 56.933
1586132000 62.875 56.933
1586175200 62.873 56.933
1586218400 62.872 56.933
1586261600 62.870 56.933
1586304800 62.869 56.933
1586348000 62.867 56.933
1586391200 62.866 56.933
1586434400 62.864 56.933
1586477600 62.863 56.933
1586520800 62.862 56.933
1586564000 62.861 56.933
1586607200 62.859 56.934
1586650400 62.858 56.934
1586693600 62.857 56.934
1586736800 62.856 56.934
1586780000 62.855 56.934
1586823200 62.853 56.935
1586866400 62.852 56.935
1586909600 62.851 56.935
1586952800 62.850 56.936
1586996000 62.849 56.936
1587039200 62.848 56.936
1587082400 62.847 56.937
1587125600 62.847 56.937
1587168800 62.846 56.938
1587212000 62.845 56.938
1587255200 62.844 56.939
1587298400 62.843 56.940
1587341600 62.842 56.940
1587384800 62.842 56.941
1587428000 62.841 56.941
1587471200 62.840 56.942
1587514400 62.840 56.943
1587557600 62.839 56.944
1587600800 62.839 56.944
1587644000 62.838 56.945
1587687200 62.837 56.946
1587730400 62.837 56.947
1587773600 62.837 56.948
1587816800 62.836 56.949
1587860000 62.836 56.949
1587903200 62.835 56.950
1587946400 62.835 56.951
1587989600 62.835 56.952
1588032800 62.834 56.953
1588076000 62.834 56.954
1588119200 62.834 56.956
1588162400 62.834 56.957
1588205600 62.834 56.958
1588248800 62.834 56.959
1588292000 62.833 56.960
1588335200 62.833 56.961
1588378400 62.833 56.963
1588421600 62.833 56.964
1588464800 62.833 56.965
1588508000 62.833 56.967
1588551200 62.834 56.968
1588594400 62.834 56.970
1588637600 62.834 56.971
1588680800 62.834 56.972
1588724000 62.834 56.974
1588767200 62.835 56.975
1588810400 62.835 56.977
1588853600 62.835 56.979
1588896800 62.836 56.980
1588940000 62.836 56.982
1588983200 62.836 56.984
1589026400 62.837 56.985
1589069600 62.837 56.987
1589112800 62.838 56.989
1589156000 62.838 56.991
1589199200 62.839 56.992
1589242400 62.840 56.994
1589285600 62.840 56.996
1589328800 62.841 56.998
1589372000 62.842 57.000
1589415200 62.843 57.002
