1499948000 55.983 49.718
1499991200 56.024 49.755
1500034400 56.065 49.792
1500077600 56.107 49.828
1500120800 56.148 49.865
1500164000 56.188 49.901
1500207200 56.229 49.937
1500250400 56.270 49.973
1500293600 56.310 50.009
1500336800 56.351 50.045
1500380000 56.391 50.081
1500423200 56.432 50.117
1500466400 56.472 50.152
1500509600 56.512 50.188
1500552800 56.552 50.224
1500596000 56.592 50.259
1500639200 56.631 50.294
1500682400 56.671 50.330
1500725600 56.711 50.365
1500768800 56.750 50.400
1500812000 56.789 50.435
1500855200 56.829 50.470
1500898400 56.868 50.504
1500941600 56.907 50.539
1500984800 56.946 50.574
1501028000 56.985 50.608
1501071200 57.024 50.643
1501114400 57.062 50.677
1501157600 57.101 50.711
1501200800 57.139 50.745
1501244000 57.178 50.780
1501287200 57.216 50.814
1501330400 57.254 50.847
1501373600 57.292 50.881
1501416800 57.330 50.915
1501460000 57.368 50.949
1501503200 57.406 50.982
1501546400 57.444 51.016
1501589600 57.481 51.049
1501632800 57.519 51.082
1501676000 57.556 51.116
1501719200 57.594 51.149
1501762400 57.631 51.182
1501805600 57.668 51.215
1501848800 57.705 51.248
1501892000 57.742 51.281
1501935200 57.779 51.313
1501978400 57.815 51.346
1502021600 57.852 51.378
1502064800 57.889 51.411
1502108000 57.925 51.443
1502151200 57.961 51.476
1502194400 57.998 51.508
1502237600 58.034 51.540
1502280800 58.070 51.572
1502324000 58.106 51.604
1502367200 58.142 51.636
1502410400 58.178 51.668
1502453600 58.213 51.699
1502496800 58.249 51.731
1502540000 58.284 51.762
1502583200 58.320 51.794
1502626400 58.355 51.825
1502669600 58.390 51.856
1502712800 58.426 51.888
1502756000 58.461 51.919
1502799200 58.495 51.950
1502842400 58.530 51.981
1502885600 58.565 52.012
1502928800 58.600 52.042
1502972000 58.634 52.073
1503015200 58.669 52.104
1503058400 58.703 52.134
1503101600 58.737 52.165
1503144800 58.772 52.195
1503188000 58.806 52.225
1503231200 58.840 52.256
1503274400 58.874 52.286
1503317600 58.908 52.316
1503360800 58.941 52.346
1503404000 58.975 52.376
1503447200 59.008 52.405
1503490400 59.042 52.435
1503533600 59.075 52.465
1503576800 59.109 52.494
1503620000 59.142 52.524
1503663200 59.175 52.553
1503706400 59.208 52.582
1503749600 59.241 52.612
1503792800 59.274 52.641
1503836000 59.306 52.670
1503879200 59.339 52.699
1503922400 59.371 52.728
1503965600 59.404 52.757
1504008800 59.436 52.785
1504052000 59.469 52.814
1504095200 59.501 52.843
1504138400 59.533 52.871
1504181600 59.565 52.900
1504224800 59.597 52.928
1504268000 59.629 52.956
1504311200 59.660 52.984
1504354400 59.692 53.012
1504397600 59.724 53.041
1504440800 59.755 53.068
1504484000 59.786 53.096
1504527200 59.818 53.124
1504570400 59.849 53.152
1504613600 59.880 53.179
1504656800 59.911 53.207
1504700000 59.942 53.235
1504743200 59.973 53.262
1504786400 60.004 53.289
1504829600 60.034 53.316
1504872800 60.065 53.344
1504916000 60.095 53.371
1504959200 60.126 53.398
1505002400 60.156 53.425
1505045600 60.186 53.452
1505088800 60.217 53.478
1505132000 60.247 53.505
1505175200 60.277 53.532
1505218400 60.307 53.558
1505261600 60.336 53.585
1505304800 60.366 53.611
1505348000 60.396 53.637
1505391200 60.425 53.664
1505434400 60.455 53.690
1505477600 60.484 53.716
1505520800 60.513 53.742
1505564000 60.543 53.768
1505607200 60.572 53.794
1505650400 60.601 53.820
1505693600 60.630 53.845
1505736800 60.659 53.871
1505780000 60.687 53.896
1505823200 60.716 53.922
1505866400 60.745 53.947
1505909600 60.773 53.973
1505952800 60.802 53.998
1505996000 60.830 54.023
1506039200 60.858 54.048
1506082400 60.886 54.073
1506125600 60.915 54.098
1506168800 60.943 54.123
1506212000 60.970 54.148
1506255200 60.998 54.173
1506298400 61.026 54.197
1506341600 61.054 54.222
1506384800 61.081 54.246
1506428000 61.109 54.271
1506471200 61.136 54.295
1506514400 61.164 54.319
1506557600 61.191 54.344
1506600800 61.218 54.368
1506644000 61.245 54.392
1506687200 61.272 54.416
1506730400 61.299 54.440
1506773600 61.326 54.464
1506816800 61.353 54.487
1506860000 61.379 54.511
1506903200 61.406 54.535
1506946400 61.433 54.558
1506989600 61.459 54.582
1507032800 61.485 54.605
1507076000 61.512 54.629
1507119200 61.538 54.652
1507162400 61.564 54.675
1507205600 61.590 54.698
1507248800 61.616 54.721
1507292000 61.642 54.744
1507335200 61.668 54.767
1507378400 61.693 54.790
1507421600 61.719 54.813
1507464800 61.745 54.835
1507508000 61.770 54.858
1507551200 61.795 54.881
1507594400 61.821 54.903
1507637600 61.846 54.925
1507680800 61.871 54.948
1507724000 61.896 54.970
1507767200 61.921 54.992
1507810400 61.946 55.014
1507853600 61.971 55.036
1507896800 61.996 55.058
1507940000 62.020 55.080
1507983200 62.045 55.102
1508026400 62.070 55.124
1508069600 62.094 55.146
1508112800 62.118 55.167
1508156000 62.143 55.189
1508199200 62.167 55.210
1508242400 62.191 55.232
1508285600 62.215 55.253
1508328800 62.239 55.274
1508372000 62.263 55.296
1508415200 62.287 55.317
1508458400 62.310 55.338
1508501600 62.334 55.359
1508544800 62.358 55.380
1508588000 62.381 55.401
1508631200 62.405 55.421
1508674400 62.428 55.442
1508717600 62.451 55.463
1508760800 62.474 55.483
1508804000 62.498 55.504
1508847200 62.521 55.524
1508890400 62.544 55.545
1508933600 62.566 55.565
1508976800 62.589 55.585
1509020000 62.612 55.606
1509063200 62.635 55.626
1509106400 62.657 55.646
1509149600 62.680 55.666
1509192800 62.702 55.686
1509236000 62.725 55.706
1509279200 62.747 55.725
1509322400 62.769 55.745
1509365600 62.791 55.765
1509408800 62.813 55.784
1509452000 62.835 55.804
1509495200 62.857 55.823
1509538400 62.879 55.843
1509581600 62.901 55.862
1509624800 62.922 55.881
1509668000 62.944 55.901
1509711200 62.966 55.920
1509754400 62.987 55.939
1509797600 63.008 55.958
1509840800 63.030 55.977
1509884000 63.051 55.996
1509927200 63.072 56.014
1509970400 63.093 56.033
1510013600 63.114 56.052
1510056800 63.135 56.070
1510100000 63.156 56.089
1510143200 63.177 56.107
1510186400 63.198 56.126
1510229600 63.218 56.144
1510272800 63.239 56.163
1510316000 63.260 56.181
1510359200 63.280 56.199
1510402400 63.300 56.217
1510445600 63.321 56.235
1510488800 63.341 56.253
1510532000 63.361 56.271
1510575200 63.381 56.289
1510618400 63.401 56.306
1510661600 63.421 56.324
1510704800 63.441 56.342
1510748000 63.461 56.359
1510791200 63.480 56.377
1510834400 63.500 56.394
1510877600 63.520 56.412
1510920800 63.539 56.429
1510964000 63.559 56.446
1511007200 63.578 56.464
1511050400 63.597 56.481
1511093600 63.617 56.498
1511136800 63.636 56.515
1511180000 63.655 56.532
1511223200 63.674 56.549
1511266400 63.693 56.566
1511309600 63.712 56.582
1511352800 63.731 56.599
1511396000 63.749 56.616
1511439200 63.768 56.632
1511482400 63.787 56.649
1511525600 63.805 56.665
1511568800 63.824 56.682
1511612000 63.842 56.698
1511655200 63.860 56.714
1511698400 63.879 56.731
1511741600 63.897 56.747
1511784800 63.915 56.763
1511828000 63.933 56.779
1511871200 63.951 56.795
1511914400 63.969 56.811
1511957600 63.987 56.827
1512000800 64.005 56.842
1512044000 64.022 56.858
1512087200 64.040 56.874
1512130400 64.058 56.890
1512173600 64.075 56.905
1512216800 64.093 56.921
1512260000 64.110 56.936
1512303200 64.127 56.951
1512346400 64.145 56.967
1512389600 64.162 56.982
1512432800 64.179 56.997
1512476000 64.196 57.012
1512519200 64.213 57.027
1512562400 64.230 57.043
1512605600 64.247 57.058
1512648800 64.264 57.072
1512692000 64.280 57.087
1512735200 64.297 57.102
1512778400 64.314 57.117
1512821600 64.330 57.132
1512864800 64.347 57.146
1512908000 64.363 57.161
1512951200 64.379 57.175
1512994400 64.396 57.190
1513037600 64.412 57.204
1513080800 64.428 57.218
1513124000 64.444 57.233
1513167200 64.460 57.247
1513210400 64.476 57.261
1513253600 64.492 57.275
1513296800 64.508 57.289
1513340000 64.523 57.303
1513383200 64.539 57.317
1513426400 64.555 57.331
1513469600 64.570 57.345
1513512800 64.586 57.359
1513556000 64.601 57.372
1513599200 64.617 57.386
1513642400 64.632 57.400
1513685600 64.647 57.413
1513728800 64.662 57.427
1513772000 64.678 57.440
1513815200 64.693 57.454
1513858400 64.708 57.467
1513901600 64.723 57.480
1513944800 64.738 57.493
1513988000 64.752 57.507
1514031200 64.767 57.520
1514074400 64.782 57.533
1514117600 64.796 57.546
1514160800 64.811 57.559
1514204000 64.826 57.572
1514247200 64.840 57.584
1514290400 64.854 57.597
1514333600 64.869 57.610
1514376800 64.883 57.623
1514420000 64.897 57.635
1514463200 64.911 57.648
1514506400 64.925 57.660
1514549600 64.939 57.673
1514592800 64.953 57.685
1514636000 64.967 57.697
1514679200 64.981 57.710
1514722400 64.995 57.722
1514765600 65.009 57.734
1514808800 65.022 57.746
1514852000 65.036 57.758
1514895200 65.050 57.770
1514938400 65.063 57.782
1514981600 65.076 57.794
1515024800 65.090 57.806
1515068000 65.103 57.818
1515111200 65.116 57.830
1515154400 65.130 57.842
1515197600 65.143 57.853
1515240800 65.156 57.865
1515284000 65.169 57.876
1515327200 65.182 57.888
1515370400 65.195 57.899
1515413600 65.208 57.911
1515456800 65.220 57.922
1515500000 65.233 57.933
1515543200 65.246 57.945
1515586400 65.258 57.956
1515629600 65.271 57.967
1515672800 65.283 57.978
1515716000 65.296 57.989
1515759200 65.308 58.000
1515802400 65.321 58.011
1515845600 65.333 58.022
1515888800 65.345 58.033
1515932000 65.357 58.044
1515975200 65.369 58.054
1516018400 65.381 58.065
1516061600 65.393 58.076
1516104800 65.405 58.086
1516148000 65.417 58.097
1516191200 65.429 58.107
1516234400 65.441 58.118
1516277600 65.453 58.128
1516320800 65.464 58.139
1516364000 65.476 58.149
1516407200 65.487 58.159
1516450400 65.499 58.169
1516493600 65.510 58.180
1516536800 65.522 58.190
1516580000 65.533 58.200
1516623200 65.544 58.210
1516666400 65.555 58.220
1516709600 65.567 58.230
1516752800 65.578 58.240
1516796000 65.589 58.249
1516839200 65.600 58.259
1516882400 65.611 58.269
1516925600 65.622 58.279
1516968800 65.633 58.288
1517012000 65.643 58.298
1517055200 65.654 58.307
1517098400 65.665 58.317
1517141600 65.675 58.326
1517184800 65.686 58.336
1517228000 65.697 58.345
1517271200 65.707 58.354
1517314400 65.717 58.364
1517357600 65.728 58.373
1517400800 65.738 58.382
1517444000 65.748 58.391
1517487200 65.759 58.400
1517530400 65.769 58.409
1517573600 65.779 58.418
1517616800 65.789 58.427
1517660000 65.799 58.436
1517703200 65.809 58.445
1517746400 65.819 58.454
1517789600 65.829 58.462
1517832800 65.838 58.471
1517876000 65.848 58.480
1517919200 65.858 58.488
1517962400 65.868 58.497
1518005600 65.877 58.505
1518048800 65.887 58.514
1518092000 65.896 58.522
1518135200 65.906 58.531
1518178400 65.915 58.539
1518221600 65.924 58.547
1518264800 65.934 58.556
1518308000 65.943 58.564
1518351200 65.952 58.572
1518394400 65.961 58.580
1518437600 65.970 58.588
1518480800 65.979 58.596
1518524000 65.988 58.604
1518567200 65.997 58.612
1518610400 66.006 58.620
1518653600 66.015 58.628
1518696800 66.024 58.636
1518740000 66.033 58.644
1518783200 66.041 58.651
1518826400 66.050 58.659
1518869600 66.059 58.667
1518912800 66.067 58.674
1518956000 66.076 58.682
1518999200 66.084 58.689
1519042400 66.093 58.697
1519085600 66.101 58.704
1519128800 66.109 58.712
1519172000 66.118 58.719
1519215200 66.126 58.726
1519258400 66.134 58.734
1519301600 66.142 58.741
1519344800 66.150 58.748
1519388000 66.158 58.755
1519431200 66.166 58.762
1519474400 66.174 58.769
1519517600 66.182 58.776
1519560800 66.190 58.783
1519604000 66.198 58.790
1519647200 66.206 58.797
1519690400 66.214 58.804
1519733600 66.221 58.811
1519776800 66.229 58.818
1519820000 66.236 58.825
1519863200 66.244 58.831
1519906400 66.251 58.838
1519949600 66.259 58.845
1519992800 66.266 58.851
1520036000 66.274 58.858
1520079200 66.281 58.864
1520122400 66.288 58.871
1520165600 66.296 58.877
1520208800 66.303 58.883
1520252000 66.310 58.890
1520295200 66.317 58.896
1520338400 66.324 58.902
1520381600 66.331 58.909
1520424800 66.338 58.915
1520468000 66.345 58.921
1520511200 66.352 58.927
1520554400 66.359 58.933
1520597600 66.365 58.939
1520640800 66.372 58.945
1520684000 66.379 58.951
1520727200 66.386 58.957
1520770400 66.392 58.963
1520813600 66.399 58.969
1520856800 66.405 58.975
1520900000 66.412 58.980
1520943200 66.418 58.986
1520986400 66.425 58.992
1521029600 66.431 58.997
1521072800 66.437 59.003
1521116000 66.444 59.009
1521159200 66.450 59.014
1521202400 66.456 59.020
1521245600 66.462 59.025
1521288800 66.468 59.031
1521332000 66.474 59.036
1521375200 66.481 59.041
1521418400 66.487 59.047
1521461600 66.492 59.052
1521504800 66.498 59.057
1521548000 66.504 59.062
1521591200 66.510 59.068
1521634400 66.516 59.073
1521677600 66.522 59.078
1521720800 66.527 59.083
1521764000 66.533 59.088
1521807200 66.539 59.093
1521850400 66.544 59.098
1521893600 66.550 59.103
1521936800 66.555 59.108
1521980000 66.561 59.113
1522023200 66.566 59.117
1522066400 66.572 59.122
1522109600 66.577 59.127
1522152800 66.582 59.132
1522196000 66.588 59.136
1522239200 66.593 59.141
1522282400 66.598 59.146
1522325600 66.603 59.150
1522368800 66.608 59.155
1522412000 66.613 59.159
1522455200 66.619 59.164
1522498400 66.624 59.168
1522541600 66.629 59.173
1522584800 66.633 59.177
1522628000 66.638 59.182
1522671200 66.643 59.186
1522714400 66.648 59.190
1522757600 66.653 59.194
1522800800 66.658 59.199
1522844000 66.662 59.203
1522887200 66.667 59.207
1522930400 66.672 59.211
1522973600 66.676 59.215
1523016800 66.681 59.219
1523060000 66.685 59.223
1523103200 66.690 59.227
1523146400 66.694 59.231
1523189600 66.699 59.235
1523232800 66.703 59.239
1523276000 66.708 59.243
1523319200 66.712 59.247
1523362400 66.716 59.251
1523405600 66.720 59.254
1523448800 66.725 59.258
1523492000 66.729 59.262
1523535200 66.733 59.266
1523578400 66.737 59.269
1523621600 66.741 59.273
1523664800 66.745 59.276
1523708000 66.749 59.280
1523751200 66.753 59.283
1523794400 66.757 59.287
1523837600 66.761 59.290
1523880800 66.765 59.294
1523924000 66.769 59.297
1523967200 66.773 59.301
1524010400 66.776 59.304
1524053600 66.780 59.307
1524096800 66.784 59.311
1524140000 66.787 59.314
1524183200 66.791 59.317
1524226400 66.795 59.320
1524269600 66.798 59.324
1524312800 66.802 59.327
1524356000 66.805 59.330
1524399200 66.809 59.333
1524442400 66.812 59.336
1524485600 66.816 59.339
1524528800 66.819 59.342
1524572000 66.822 59.345
1524615200 66.826 59.348
1524658400 66.829 59.351
1524701600 66.832 59.354
1524744800 66.835 59.357
1524788000 66.839 59.359
1524831200 66.842 59.362
1524874400 66.845 59.365
1524917600 66.848 59.368
1524960800 66.851 59.370
1525004000 66.854 59.373
1525047200 66.857 59.376
1525090400 66.860 59.378
1525133600 66.863 59.381
1525176800 66.866 59.384
1525220000 66.869 59.386
1525263200 66.872 59.389
1525306400 66.875 59.391
1525349600 66.877 59.394
1525392800 66.880 59.396
1525436000 66.883 59.399
1525479200 66.886 59.401
1525522400 66.888 59.403
1525565600 66.891 59.406
1525608800 66.894 59.408
1525652000 66.896 59.410
1525695200 66.899 59.413
1525738400 66.901 59.415
1525781600 66.904 59.417
1525824800 66.906 59.419
1525868000 66.909 59.422
1525911200 66.911 59.424
1525954400 66.913 59.426
1525997600 66.916 59.428
1526040800 66.918 59.430
1526084000 66.920 59.432
1526127200 66.923 59.434
1526170400 66.925 59.436
1526213600 66.927 59.438
1526256800 66.929 59.440
1526300000 66.932 59.442
1526343200 66.934 59.444
1526386400 66.936 59.446
1526429600 66.938 59.448
1526472800 66.940 59.449
1526516000 66.942 59.451
1526559200 66.944 59.453
1526602400 66.946 59.455
1526645600 66.948 59.457
1526688800 66.950 59.458
1526732000 66.952 59.460
1526775200 66.954 59.462
1526818400 66.956 59.463
1526861600 66.957 59.465
1526904800 66.959 59.467
1526948000 66.961 59.468
1526991200 66.963 59.470
1527034400 66.965 59.471
1527077600 66.966 59.473
1527120800 66.968 59.474
1527164000 66.970 59.476
1527207200 66.971 59.477
1527250400 66.973 59.479
1527293600 66.974 59.480
1527336800 66.976 59.481
1527380000 66.978 59.483
1527423200 66.979 59.484
1527466400 66.981 59.485
1527509600 66.982 59.487
1527552800 66.983 59.488
1527596000 66.985 59.489
1527639200 66.986 59.491
1527682400 66.988 59.492
1527725600 66.989 59.493
1527768800 66.990 59.494
1527812000 66.992 59.495
1527855200 66.993 59.496
1527898400 66.994 59.498
1527941600 66.995 59.499
1527984800 66.997 59.500
1528028000 66.998 59.501
1528071200 66.999 59.502
1528114400 67.000 59.503
1528157600 67.001 59.504
1528200800 67.002 59.505
1528244000 67.004 59.506
1528287200 67.005 59.507
1528330400 67.006 59.508
1528373600 67.007 59.509
1528416800 67.008 59.509
1528460000 67.009 59.510
1528503200 67.010 59.511
1528546400 67.011 59.512
1528589600 67.011 59.513
1528632800 67.012 59.514
1528676000 67.013 59.514
1528719200 67.014 59.515
1528762400 67.015 59.516
1528805600 67.016 59.517
1528848800 67.017 59.517
1528892000 67.017 59.518
1528935200 67.018 59.519
1528978400 67.019 59.519
1529021600 67.020 59.520
1529064800 67.020 59.521
1529108000 67.021 59.521
1529151200 67.022 59.522
1529194400 67.022 59.522
1529237600 67.023 59.523
1529280800 67.023 59.524
1529324000 67.024 59.524
1529367200 67.025 59.525
1529410400 67.025 59.525
1529453600 67.026 59.525
1529496800 67.026 59.526
1529540000 67.027 59.526
1529583200 67.027 59.527
1529626400 67.028 59.527
1529669600 67.028 59.528
1529712800 67.029 59.528
1529756000 67.029 59.528
1529799200 67.029 59.529
1529842400 67.030 59.529
1529885600 67.030 59.529
1529928800 67.030 59.530
1529972000 67.031 59.530
1530015200 67.031 59.530
1530058400 67.031 59.531
1530101600 67.032 59.531
1530144800 67.032 59.531
1530188000 67.032 59.531
1530231200 67.032 59.531
1530274400 67.033 59.532
1530317600 67.033 59.532
1530360800 67.033 59.532
1530404000 67.033 59.532
1530447200 67.033 59.532
1530490400 67.033 59.532
1530533600 67.034 59.532
1530576800 67.034 59.533
1530620000 67.034 59.533
1530663200 67.034 59.533
1530706400 67.034 59.533
1530749600 67.034 59.533
1530792800 67.034 59.533
1530836000 67.034 59.533
1530879200 67.034 59.533
1530922400 67.034 59.533
1530965600 67.034 59.533
1531008800 67.034 59.533
1531052000 67.034 59.533
1531095200 67.034 59.533
1531138400 67.034 59.533
1531181600 67.034 59.533
1531224800 67.034 59.533
1531268000 67.033 59.532
1531311200 67.033 59.532
1531354400 67.033 59.532
1531397600 67.033 59.532
1531440800 67.033 59.532
1531484000 67.033 59.532
1531527200 67.033 59.532
1531570400 67.032 59.531
1531613600 67.032 59.531
1531656800 67.032 59.531
1531700000 67.032 59.531
1531743200 67.031 59.531
1531786400 67.031 59.530
1531829600 67.031 59.530
1531872800 67.031 59.530
1531916000 67.030 59.530
1531959200 67.030 59.529
1532002400 67.030 59.529
1532045600 67.029 59.529
1532088800 67.029 59.528
1532132000 67.029 59.528
1532175200 67.028 59.528
1532218400 67.028 59.528
1532261600 67.028 59.527
1532304800 67.027 59.527
1532348000 67.027 59.526
1532391200 67.026 59.526
1532434400 67.026 59.526
1532477600 67.026 59.525
1532520800 67.025 59.525
1532564000 67.025 59.525
1532607200 67.024 59.524
1532650400 67.024 59.524
1532693600 67.023 59.523
1532736800 67.023 59.523
1532780000 67.022 59.523
1532823200 67.022 59.522
1532866400 67.021 59.522
1532909600 67.021 59.521
1532952800 67.020 59.521
1532996000 67.020 59.520
1533039200 67.019 59.520
1533082400 67.019 59.519
1533125600 67.018 59.519
1533168800 67.018 59.518
1533212000 67.017 59.518
1533255200 67.016 59.517
1533298400 67.016 59.517
1533341600 67.015 59.516
1533384800 67.015 59.516
1533428000 67.014 59.515
1533471200 67.013 59.515
1533514400 67.013 59.514
1533557600 67.012 59.514
1533600800 67.012 59.513
1533644000 67.011 59.512
1533687200 67.010 59.512
1533730400 67.010 59.511
1533773600 67.009 59.511
1533816800 67.008 59.510
1533860000 67.008 59.510
1533903200 67.007 59.509
1533946400 67.006 59.508
1533989600 67.006 59.508
1534032800 67.005 59.507
1534076000 67.004 59.506
1534119200 67.004 59.506
1534162400 67.003 59.505
1534205600 67.002 59.505
1534248800 67.002 59.504
1534292000 67.001 59.503
1534335200 67.000 59.503
1534378400 66.999 59.502
1534421600 66.999 59.501
1534464800 66.998 59.501
1534508000 66.997 59.500
1534551200 66.996 59.500
1534594400 66.996 59.499
1534637600 66.995 59.498
1534680800 66.994 59.498
1534724000 66.993 59.497
1534767200 66.993 59.496
1534810400 66.992 59.496
1534853600 66.991 59.495
1534896800 66.990 59.494
1534940000 66.990 59.493
1534983200 66.989 59.493
1535026400 66.988 59.492
1535069600 66.987 59.491
1535112800 66.987 59.491
1535156000 66.986 59.490
1535199200 66.985 59.489
1535242400 66.984 59.489
1535285600 66.984 59.488
1535328800 66.983 59.487
1535372000 66.982 59.487
1535415200 66.981 59.486
1535458400 66.980 59.485
1535501600 66.980 59.485
1535544800 66.979 59.484
1535588000 66.978 59.483
1535631200 66.977 59.482
1535674400 66.976 59.482
1535717600 66.976 59.481
1535760800 66.975 59.480
1535804000 66.974 59.480
1535847200 66.973 59.479
1535890400 66.973 59.478
1535933600 66.972 59.478
1535976800 66.971 59.477
1536020000 66.970 59.476
1536063200 66.969 59.475
1536106400 66.969 59.475
1536149600 66.968 59.474
1536192800 66.967 59.473
1536236000 66.966 59.473
1536279200 66.965 59.472
1536322400 66.965 59.471
1536365600 66.964 59.471
1536408800 66.963 59.470
1536452000 66.962 59.469
1536495200 66.962 59.469
1536538400 66.961 59.468
1536581600 66.960 59.467
1536624800 66.959 59.467
1536668000 66.959 59.466
1536711200 66.958 59.465
1536754400 66.957 59.464
1536797600 66.956 59.464
1536840800 66.956 59.463
1536884000 66.955 59.462
1536927200 66.954 59.462
1536970400 66.953 59.461
1537013600 66.953 59.460
1537056800 66.952 59.460
1537100000 66.951 59.459
1537143200 66.950 59.459
1537186400 66.950 59.458
1537229600 66.949 59.457
1537272800 66.948 59.457
1537316000 66.947 59.456
1537359200 66.947 59.455
1537402400 66.946 59.455
1537445600 66.945 59.454
1537488800 66.944 59.453
1537532000 66.944 59.453
1537575200 66.943 59.452
1537618400 66.942 59.451
1537661600 66.942 59.451
1537704800 66.941 59.450
1537748000 66.940 59.450
1537791200 66.939 59.449
1537834400 66.939 59.448
1537877600 66.938 59.448
1537920800 66.937 59.447
1537964000 66.937 59.446
1538007200 66.936 59.446
1538050400 66.935 59.445
1538093600 66.935 59.445
1538136800 66.934 59.444
1538180000 66.933 59.443
1538223200 66.932 59.443
1538266400 66.932 59.442
1538309600 66.931 59.441
1538352800 66.930 59.441
1538396000 66.930 59.440
1538439200 66.929 59.440
1538482400 66.928 59.439
1538525600 66.928 59.438
1538568800 66.927 59.438
1538612000 66.926 59.437
1538655200 66.926 59.437
1538698400 66.925 59.436
1538741600 66.924 59.435
1538784800 66.924 59.435
1538828000 66.923 59.434
1538871200 66.922 59.434
1538914400 66.921 59.433
1538957600 66.921 59.432
1539000800 66.920 59.432
1539044000 66.919 59.431
1539087200 66.919 59.431
1539130400 66.918 59.430
1539173600 66.917 59.429
1539216800 66.917 59.429
1539260000 66.916 59.428
1539303200 66.915 59.428
1539346400 66.915 59.427
1539389600 66.914 59.426
1539432800 66.913 59.426
1539476000 66.913 59.425
1539519200 66.912 59.425
1539562400 66.912 59.424
1539605600 66.911 59.423
1539648800 66.910 59.423
1539692000 66.910 59.422
1539735200 66.909 59.422
1539778400 66.908 59.421
1539821600 66.908 59.421
1539864800 66.907 59.420
1539908000 66.906 59.419
1539951200 66.906 59.419
1539994400 66.905 59.418
1540037600 66.904 59.418
1540080800 66.904 59.417
1540124000 66.903 59.417
1540167200 66.902 59.416
1540210400 66.902 59.415
1540253600 66.901 59.415
1540296800 66.900 59.414
1540340000 66.900 59.414
1540383200 66.899 59.413
1540426400 66.898 59.412
1540469600 66.898 59.412
1540512800 66.897 59.411
1540556000 66.897 59.411
1540599200 66.896 59.410
1540642400 66.895 59.410
1540685600 66.895 59.409
1540728800 66.894 59.408
1540772000 66.893 59.408
1540815200 66.893 59.407
1540858400 66.892 59.407
1540901600 66.891 59.406
1540944800 66.891 59.406
1540988000 66.890 59.405
1541031200 66.889 59.404
1541074400 66.889 59.404
1541117600 66.888 59.403
1541160800 66.887 59.403
1541204000 66.887 59.402
1541247200 66.886 59.402
1541290400 66.886 59.401
1541333600 66.885 59.400
1541376800 66.884 59.400
1541420000 66.884 59.399
1541463200 66.883 59.399
1541506400 66.882 59.398
1541549600 66.882 59.398
1541592800 66.881 59.397
1541636000 66.880 59.396
1541679200 66.880 59.396
1541722400 66.879 59.395
1541765600 66.878 59.395
1541808800 66.878 59.394
1541852000 66.877 59.394
1541895200 66.877 59.393
1541938400 66.876 59.392
1541981600 66.875 59.392
1542024800 66.875 59.391
1542068000 66.874 59.391
1542111200 66.873 59.390
1542154400 66.873 59.390
1542197600 66.872 59.389
1542240800 66.871 59.388
1542284000 66.871 59.388
1542327200 66.870 59.387
1542370400 66.869 59.387
1542413600 66.869 59.386
1542456800 66.868 59.385
1542500000 66.867 59.385
1542543200 66.867 59.384
1542586400 66.866 59.384
1542629600 66.865 59.383
1542672800 66.865 59.383
1542716000 66.864 59.382
1542759200 66.863 59.381
1542802400 66.863 59.381
1542845600 66.862 59.380
1542888800 66.861 59.380
1542932000 66.861 59.379
1542975200 66.860 59.378
1543018400 66.859 59.378
1543061600 66.859 59.377
1543104800 66.858 59.377
1543148000 66.857 59.376
1543191200 66.857 59.376
1543234400 66.856 59.375
1543277600 66.855 59.374
1543320800 66.855 59.374
1543364000 66.854 59.373
1543407200 66.853 59.373
1543450400 66.853 59.372
1543493600 66.852 59.371
1543536800 66.851 59.371
1543580000 66.851 59.370
1543623200 66.850 59.370
1543666400 66.849 59.369
1543709600 66.849 59.368
1543752800 66.848 59.368
1543796000 66.847 59.367
1543839200 66.847 59.366
1543882400 66.846 59.366
1543925600 66.845 59.365
1543968800 66.845 59.365
1544012000 66.844 59.364
1544055200 66.843 59.363
1544098400 66.842 59.363
1544141600 66.842 59.362
1544184800 66.841 59.362
1544228000 66.840 59.361
1544271200 66.840 59.360
1544314400 66.839 59.360
1544357600 66.838 59.359
1544400800 66.838 59.358
1544444000 66.837 59.358
1544487200 66.836 59.357
1544530400 66.835 59.357
1544573600 66.835 59.356
1544616800 66.834 59.355
1544660000 66.833 59.355
1544703200 66.833 59.354
1544746400 66.832 59.353
1544789600 66.831 59.353
1544832800 66.830 59.352
1544876000 66.830 59.351
1544919200 66.829 59.351
1544962400 66.828 59.350
1545005600 66.828 59.349
1545048800 66.827 59.349
1545092000 66.826 59.348
1545135200 66.825 59.348
1545178400 66.825 59.347
1545221600 66.824 59.346
1545264800 66.823 59.346
1545308000 66.822 59.345
1545351200 66.822 59.344
1545394400 66.821 59.344
1545437600 66.820 59.343
1545480800 66.819 59.342
1545524000 66.819 59.342
1545567200 66.818 59.341
1545610400 66.817 59.340
1545653600 66.816 59.340
1545696800 66.816 59.339
1545740000 66.815 59.338
1545783200 66.814 59.337
1545826400 66.813 59.337
1545869600 66.812 59.336
1545912800 66.812 59.335
1545956000 66.811 59.335
1545999200 66.810 59.334
1546042400 66.809 59.333
1546085600 66.809 59.333
1546128800 66.808 59.332
1546172000 66.807 59.331
1546215200 66.806 59.331
1546258400 66.805 59.330
1546301600 66.805 59.329
1546344800 66.804 59.328
1546388000 66.803 59.328
1546431200 66.802 59.327
1546474400 66.801 59.326
1546517600 66.801 59.326
1546560800 66.800 59.325
1546604000 66.799 59.324
1546647200 66.798 59.323
1546690400 66.797 59.323
1546733600 66.796 59.322
1546776800 66.796 59.321
1546820000 66.795 59.320
1546863200 66.794 59.320
1546906400 66.793 59.319
1546949600 66.792 59.318
1546992800 66.791 59.317
1547036000 66.791 59.317
1547079200 66.790 59.316
1547122400 66.789 59.315
1547165600 66.788 59.314
1547208800 66.787 59.314
1547252000 66.786 59.313
1547295200 66.785 59.312
1547338400 66.785 59.311
1547381600 66.784 59.311
1547424800 66.783 59.310
1547468000 66.782 59.309
1547511200 66.781 59.308
1547554400 66.780 59.307
1547597600 66.779 59.307
1547640800 66.778 59.306
1547684000 66.777 59.305
1547727200 66.777 59.304
1547770400 66.776 59.303
1547813600 66.775 59.303
1547856800 66.774 59.302
1547900000 66.773 59.301
1547943200 66.772 59.300
1547986400 66.771 59.299
1548029600 66.770 59.299
1548072800 66.769 59.298
1548116000 66.768 59.297
1548159200 66.767 59.296
1548202400 66.767 59.295
1548245600 66.766 59.294
1548288800 66.765 59.294
1548332000 66.764 59.293
1548375200 66.763 59.292
1548418400 66.762 59.291
1548461600 66.761 59.290
1548504800 66.760 59.289
1548548000 66.759 59.289
1548591200 66.758 59.288
1548634400 66.757 59.287
1548677600 66.756 59.286
1548720800 66.755 59.285
1548764000 66.754 59.284
1548807200 66.753 59.283
1548850400 66.752 59.282
1548893600 66.751 59.282
1548936800 66.750 59.281
1548980000 66.749 59.280
1549023200 66.748 59.279
1549066400 66.747 59.278
1549109600 66.746 59.277
1549152800 66.745 59.276
1549196000 66.744 59.275
1549239200 66.743 59.274
1549282400 66.742 59.273
1549325600 66.741 59.273
1549368800 66.740 59.272
1549412000 66.739 59.271
1549455200 66.738 59.270
1549498400 66.737 59.269
1549541600 66.736 59.268
1549584800 66.735 59.267
1549628000 66.734 59.266
1549671200 66.732 59.265
1549714400 66.731 59.264
1549757600 66.730 59.263
1549800800 66.729 59.262
1549844000 66.728 59.261
1549887200 66.727 59.260
1549930400 66.726 59.259
1549973600 66.725 59.258
1550016800 66.724 59.257
1550060000 66.723 59.256
1550103200 66.722 59.255
1550146400 66.720 59.254
1550189600 66.719 59.253
1550232800 66.718 59.252
1550276000 66.717 59.251
1550319200 66.716 59.250
1550362400 66.715 59.249
1550405600 66.714 59.248
1550448800 66.712 59.247
1550492000 66.711 59.246
1550535200 66.710 59.245
1550578400 66.709 59.244
1550621600 66.708 59.243
1550664800 66.707 59.242
1550708000 66.705 59.241
1550751200 66.704 59.240
1550794400 66.703 59.239
1550837600 66.702 59.238
1550880800 66.701 59.237
1550924000 66.699 59.236
1550967200 66.698 59.235
1551010400 66.697 59.234
1551053600 66.696 59.233
1551096800 66.695 59.231
1551140000 66.693 59.230
1551183200 66.692 59.229
1551226400 66.691 59.228
1551269600 66.690 59.227
1551312800 66.688 59.226
1551356000 66.687 59.225
1551399200 66.686 59.224
1551442400 66.685 59.223
1551485600 66.683 59.221
1551528800 66.682 59.220
1551572000 66.681 59.219
1551615200 66.680 59.218
1551658400 66.678 59.217
1551701600 66.677 59.216
1551744800 66.676 59.215
1551788000 66.674 59.213
1551831200 66.673 59.212
1551874400 66.672 59.211
1551917600 66.670 59.210
1551960800 66.669 59.209
1552004000 66.668 59.208
1552047200 66.666 59.206
1552090400 66.665 59.205
1552133600 66.664 59.204
1552176800 66.662 59.203
1552220000 66.661 59.202
1552263200 66.660 59.200
1552306400 66.658 59.199
1552349600 66.657 59.198
1552392800 66.655 59.197
1552436000 66.654 59.195
1552479200 66.653 59.194
1552522400 66.651 59.193
1552565600 66.650 59.192
1552608800 66.648 59.190
1552652000 66.647 59.189
1552695200 66.646 59.188
1552738400 66.644 59.187
1552781600 66.643 59.185
1552824800 66.641 59.184
1552868000 66.640 59.183
1552911200 66.638 59.182
1552954400 66.637 59.180
1552997600 66.635 59.179
1553040800 66.634 59.178
1553084000 66.633 59.176
1553127200 66.631 59.175
1553170400 66.630 59.174
1553213600 66.628 59.172
1553256800 66.627 59.171
1553300000 66.625 59.170
1553343200 66.624 59.168
1553386400 66.622 59.167
1553429600 66.620 59.166
1553472800 66.619 59.164
1553516000 66.617 59.163
1553559200 66.616 59.162
1553602400 66.614 59.160
1553645600 66.613 59.159
1553688800 66.611 59.157
1553732000 66.610 59.156
1553775200 66.608 59.155
1553818400 66.606 59.153
1553861600 66.605 59.152
1553904800 66.603 59.150
1553948000 66.602 59.149
1553991200 66.600 59.147
1554034400 66.598 59.146
1554077600 66.597 59.145
1554120800 66.595 59.143
1554164000 66.594 59.142
1554207200 66.592 59.140
1554250400 66.590 59.139
1554293600 66.589 59.137
1554336800 66.587 59.136
1554380000 66.585 59.134
1554423200 66.584 59.133
1554466400 66.582 59.131
1554509600 66.580 59.130
1554552800 66.579 59.128
1554596000 66.577 59.127
1554639200 66.575 59.125
1554682400 66.573 59.124
1554725600 66.572 59.122
1554768800 66.570 59.121
1554812000 66.568 59.119
1554855200 66.566 59.118
1554898400 66.565 59.116
1554941600 66.563 59.115
1554984800 66.561 59.113
1555028000 66.559 59.111
1555071200 66.558 59.110
1555114400 66.556 59.108
1555157600 66.554 59.107
1555200800 66.552 59.105
1555244000 66.550 59.103
1555287200 66.549 59.102
1555330400 66.547 59.100
1555373600 66.545 59.099
1555416800 66.543 59.097
1555460000 66.541 59.095
1555503200 66.539 59.094
1555546400 66.538 59.092
1555589600 66.536 59.090
1555632800 66.534 59.089
1555676000 66.532 59.087
1555719200 66.530 59.085
1555762400 66.528 59.084
1555805600 66.526 59.082
1555848800 66.524 59.080
1555892000 66.522 59.079
1555935200 66.521 59.077
1555978400 66.519 59.075
1556021600 66.517 59.073
1556064800 66.515 59.072
1556108000 66.513 59.070
1556151200 66.511 59.068
1556194400 66.509 59.066
1556237600 66.507 59.065
1556280800 66.505 59.063
1556324000 66.503 59.061
1556367200 66.501 59.059
1556410400 66.499 59.058
1556453600 66.497 59.056
1556496800 66.495 59.054
1556540000 66.493 59.052
1556583200 66.491 59.050
1556626400 66.489 59.049
1556669600 66.487 59.047
1556712800 66.485 59.045
1556756000 66.483 59.043
1556799200 66.480 59.041
1556842400 66.478 59.039
1556885600 66.476 59.038
1556928800 66.474 59.036
1556972000 66.472 59.034
1557015200 66.470 59.032
1557058400 66.468 59.030
1557101600 66.466 59.028
1557144800 66.464 59.026
1557188000 66.461 59.024
1557231200 66.459 59.022
1557274400 66.457 59.021
1557317600 66.455 59.019
1557360800 66.453 59.017
1557404000 66.451 59.015
1557447200 66.448 59.013
1557490400 66.446 59.011
1557533600 66.444 59.009
1557576800 66.442 59.007
1557620000 66.439 59.005
1557663200 66.437 59.003
1557706400 66.435 59.001
1557749600 66.433 58.999
1557792800 66.430 58.997
1557836000 66.428 58.995
1557879200 66.426 58.993
1557922400 66.424 58.991
1557965600 66.421 58.989
1558008800 66.419 58.987
1558052000 66.417 58.985
1558095200 66.414 58.983
1558138400 66.412 58.980
1558181600 66.410 58.978
1558224800 66.407 58.976
1558268000 66.405 58.974
1558311200 66.403 58.972
1558354400 66.400 58.970
1558397600 66.398 58.968
1558440800 66.395 58.966
1558484000 66.393 58.964
1558527200 66.391 58.961
1558570400 66.388 58.959
1558613600 66.386 58.957
1558656800 66.383 58.955
1558700000 66.381 58.953
1558743200 66.378 58.951
1558786400 66.376 58.948
1558829600 66.374 58.946
1558872800 66.371 58.944
1558916000 66.369 58.942
1558959200 66.366 58.940
1559002400 66.364 58.937
1559045600 66.361 58.935
1559088800 66.358 58.933
1559132000 66.356 58.931
1559175200 66.353 58.928
1559218400 66.351 58.926
1559261600 66.348 58.924
1559304800 66.346 58.922
1559348000 66.343 58.919
1559391200 66.341 58.917
1559434400 66.338 58.915
1559477600 66.335 58.912
1559520800 66.333 58.910
1559564000 66.330 58.908
1559607200 66.327 58.905
1559650400 66.325 58.903
1559693600 66.322 58.901
1559736800 66.319 58.898
1559780000 66.317 58.896
1559823200 66.314 58.894
1559866400 66.311 58.891
1559909600 66.309 58.889
1559952800 66.306 58.886
1559996000 66.303 58.884
1560039200 66.301 58.881
1560082400 66.298 58.879
1560125600 66.295 58.877
1560168800 66.292 58.874
1560212000 66.289 58.872
1560255200 66.287 58.869
1560298400 66.284 58.867
1560341600 66.281 58.864
1560384800 66.278 58.862
1560428000 66.275 58.859
1560471200 66.273 58.857
1560514400 66.270 58.854
1560557600 66.267 58.852
1560600800 66.264 58.849
1560644000 66.261 58.847
1560687200 66.258 58.844
1560730400 66.255 58.841
1560773600 66.253 58.839
1560816800 66.250 58.836
1560860000 66.247 58.834
1560903200 66.244 58.831
1560946400 66.241 58.828
1560989600 66.238 58.826
1561032800 66.235 58.823
1561076000 66.232 58.821
1561119200 66.229 58.818
1561162400 66.226 58.815
1561205600 66.223 58.813
1561248800 66.220 58.810
1561292000 66.217 58.807
1561335200 66.214 58.805
1561378400 66.211 58.802
1561421600 66.208 58.799
1561464800 66.205 58.796
1561508000 66.202 58.794
1561551200 66.199 58.791
1561594400 66.196 58.788
1561637600 66.192 58.786
1561680800 66.189 58.783
1561724000 66.186 58.780
1561767200 66.183 58.777
1561810400 66.180 58.774
1561853600 66.177 58.772
1561896800 66.174 58.769
1561940000 66.170 58.766
1561983200 66.167 58.763
1562026400 66.164 58.760
1562069600 66.161 58.757
1562112800 66.158 58.755
1562156000 66.154 58.752
1562199200 66.151 58.749
1562242400 66.148 58.746
1562285600 66.145 58.743
1562328800 66.141 58.740
1562372000 66.138 58.737
1562415200 66.135 58.734
1562458400 66.132 58.731
1562501600 66.128 58.728
1562544800 66.125 58.726
1562588000 66.122 58.723
1562631200 66.118 58.720
1562674400 66.115 58.717
1562717600 66.112 58.714
1562760800 66.108 58.711
1562804000 66.105 58.708
1562847200 66.101 58.705
1562890400 66.098 58.702
1562933600 66.095 58.699
1562976800 66.091 58.695
1563020000 66.088 58.692
1563063200 66.084 58.689
1563106400 66.081 58.686
1563149600 66.077 58.683
1563192800 66.074 58.680
1563236000 66.070 58.677
1563279200 66.067 58.674
1563322400 66.063 58.671
1563365600 66.060 58.668
1563408800 66.056 58.664
1563452000 66.053 58.661
1563495200 66.049 58.658
1563538400 66.045 58.655
1563581600 66.042 58.652
1563624800 66.038 58.649
1563668000 66.035 58.645
1563711200 66.031 58.642
1563754400 66.027 58.639
1563797600 66.024 58.636
1563840800 66.020 58.632
1563884000 66.016 58.629
1563927200 66.013 58.626
1563970400 66.009 58.623
1564013600 66.005 58.619
1564056800 66.002 58.616
1564100000 65.998 58.613
1564143200 65.994 58.609
1564186400 65.990 58.606
1564229600 65.987 58.603
1564272800 65.983 58.599
1564316000 65.979 58.596
1564359200 65.975 58.593
1564402400 65.971 58.589
1564445600 65.968 58.586
1564488800 65.964 58.582
1564532000 65.960 58.579
1564575200 65.956 58.576
1564618400 65.952 58.572
1564661600 65.948 58.569
1564704800 65.944 58.565
1564748000 65.941 58.562
1564791200 65.937 58.558
1564834400 65.933 58.555
1564877600 65.929 58.551
1564920800 65.925 58.548
1564964000 65.921 58.544
1565007200 65.917 58.541
1565050400 65.913 58.537
1565093600 65.909 58.534
1565136800 65.905 58.530
1565180000 65.901 58.526
1565223200 65.897 58.523
1565266400 65.893 58.519
1565309600 65.889 58.516
1565352800 65.885 58.512
1565396000 65.881 58.508
1565439200 65.876 58.505
1565482400 65.872 58.501
1565525600 65.868 58.498
1565568800 65.864 58.494
1565612000 65.860 58.490
1565655200 65.856 58.486
1565698400 65.852 58.483
1565741600 65.847 58.479
1565784800 65.843 58.475
1565828000 65.839 58.472
1565871200 65.835 58.468
1565914400 65.831 58.464
1565957600 65.826 58.460
1566000800 65.822 58.457
1566044000 65.818 58.453
1566087200 65.814 58.449
1566130400 65.809 58.445
1566173600 65.805 58.441
1566216800 65.801 58.438
1566260000 65.797 58.434
1566303200 65.792 58.430
1566346400 65.788 58.426
1566389600 65.784 58.422
1566432800 65.779 58.418
1566476000 65.775 58.415
1566519200 65.771 58.411
1566562400 65.766 58.407
1566605600 65.762 58.403
1566648800 65.757 58.399
1566692000 65.753 58.395
1566735200 65.749 58.391
1566778400 65.744 58.387
1566821600 65.740 58.383
1566864800 65.735 58.379
1566908000 65.731 58.376
1566951200 65.726 58.372
1566994400 65.722 58.368
1567037600 65.718 58.364
1567080800 65.713 58.360
1567124000 65.709 58.356
1567167200 65.704 58.352
1567210400 65.700 58.348
1567253600 65.695 58.344
1567296800 65.691 58.340
1567340000 65.686 58.336
1567383200 65.681 58.332
1567426400 65.677 58.328
1567469600 65.672 58.324
1567512800 65.668 58.320
1567556000 65.663 58.316
1567599200 65.659 58.311
1567642400 65.654 58.307
1567685600 65.650 58.303
1567728800 65.645 58.299
1567772000 65.640 58.295
1567815200 65.636 58.291
1567858400 65.631 58.287
1567901600 65.627 58.283
1567944800 65.622 58.279
1567988000 65.617 58.275
1568031200 65.613 58.271
1568074400 65.608 58.266
1568117600 65.603 58.262
1568160800 65.599 58.258
1568204000 65.594 58.254
1568247200 65.589 58.250
1568290400 65.585 58.246
1568333600 65.580 58.242
1568376800 65.575 58.237
1568420000 65.571 58.233
1568463200 65.566 58.229
1568506400 65.561 58.225
1568549600 65.556 58.221
1568592800 65.552 58.216
1568636000 65.547 58.212
1568679200 65.542 58.208
1568722400 65.538 58.204
1568765600 65.533 58.200
1568808800 65.528 58.195
1568852000 65.523 58.191
1568895200 65.519 58.187
1568938400 65.514 58.183
1568981600 65.509 58.179
1569024800 65.504 58.174
1569068000 65.500 58.170
1569111200 65.495 58.166
1569154400 65.490 58.162
1569197600 65.485 58.157
1569240800 65.480 58.153
1569284000 65.476 58.149
1569327200 65.471 58.145
1569370400 65.466 58.140
1569413600 65.461 58.136
1569456800 65.456 58.132
1569500000 65.452 58.127
1569543200 65.447 58.123
1569586400 65.442 58.119
1569629600 65.437 58.115
1569672800 65.432 58.110
1569716000 65.427 58.106
1569759200 65.423 58.102
1569802400 65.418 58.097
1569845600 65.413 58.093
1569888800 65.408 58.089
1569932000 65.403 58.085
1569975200 65.398 58.080
1570018400 65.394 58.076
1570061600 65.389 58.072
1570104800 65.384 58.067
1570148000 65.379 58.063
1570191200 65.374 58.059
1570234400 65.369 58.054
1570277600 65.364 58.050
1570320800 65.359 58.046
1570364000 65.355 58.041
1570407200 65.350 58.037
1570450400 65.345 58.033
1570493600 65.340 58.028
1570536800 65.335 58.024
1570580000 65.330 58.020
1570623200 65.325 58.015
1570666400 65.320 58.011
1570709600 65.316 58.007
1570752800 65.311 58.002
1570796000 65.306 57.998
1570839200 65.301 57.994
1570882400 65.296 57.989
1570925600 65.291 57.985
1570968800 65.286 57.981
1571012000 65.281 57.976
1571055200 65.276 57.972
1571098400 65.272 57.968
1571141600 65.267 57.963
1571184800 65.262 57.959
1571228000 65.257 57.955
1571271200 65.252 57.950
1571314400 65.247 57.946
1571357600 65.242 57.941
1571400800 65.237 57.937
1571444000 65.232 57.933
1571487200 65.227 57.928
1571530400 65.223 57.924
1571573600 65.218 57.920
1571616800 65.213 57.915
1571660000 65.208 57.911
1571703200 65.203 57.907
1571746400 65.198 57.902
1571789600 65.193 57.898
1571832800 65.188 57.894
1571876000 65.183 57.889
1571919200 65.178 57.885
1571962400 65.174 57.881
1572005600 65.169 57.876
1572048800 65.164 57.872
1572092000 65.159 57.868
1572135200 65.154 57.863
1572178400 65.149 57.859
1572221600 65.144 57.855
1572264800 65.139 57.850
1572308000 65.134 57.846
1572351200 65.130 57.842
1572394400 65.125 57.837
1572437600 65.120 57.833
1572480800 65.115 57.829
1572524000 65.110 57.824
1572567200 65.105 57.820
1572610400 65.100 57.816
1572653600 65.095 57.811
1572696800 65.091 57.807
1572740000 65.086 57.803
1572783200 65.081 57.798
1572826400 65.076 57.794
1572869600 65.071 57.790
1572912800 65.066 57.785
1572956000 65.061 57.781
1572999200 65.057 57.777
1573042400 65.052 57.772
1573085600 65.047 57.768
1573128800 65.042 57.764
1573172000 65.037 57.759
1573215200 65.032 57.755
1573258400 65.028 57.751
1573301600 65.023 57.747
1573344800 65.018 57.742
1573388000 65.013 57.738
1573431200 65.008 57.734
1573474400 65.003 57.730
1573517600 64.999 57.725
1573560800 64.994 57.721
1573604000 64.989 57.717
1573647200 64.984 57.712
1573690400 64.979 57.708
1573733600 64.975 57.704
1573776800 64.970 57.700
1573820000 64.965 57.695
1573863200 64.960 57.691
1573906400 64.956 57.687
1573949600 64.951 57.683
1573992800 64.946 57.679
1574036000 64.941 57.674
1574079200 64.937 57.670
1574122400 64.932 57.666
1574165600 64.927 57.662
1574208800 64.922 57.657
1574252000 64.918 57.653
1574295200 64.913 57.649
1574338400 64.908 57.645
1574381600 64.903 57.641
1574424800 64.899 57.636
1574468000 64.894 57.632
1574511200 64.889 57.628
1574554400 64.885 57.624
1574597600 64.880 57.620
1574640800 64.875 57.616
1574684000 64.871 57.612
1574727200 64.866 57.607
1574770400 64.861 57.603
1574813600 64.857 57.599
1574856800 64.852 57.595
1574900000 64.847 57.591
1574943200 64.843 57.587
1574986400 64.838 57.583
1575029600 64.833 57.579
1575072800 64.829 57.574
1575116000 64.824 57.570
1575159200 64.820 57.566
1575202400 64.815 57.562
1575245600 64.810 57.558
1575288800 64.806 57.554
1575332000 64.801 57.550
1575375200 64.797 57.546
1575418400 64.792 57.542
1575461600 64.788 57.538
1575504800 64.783 57.534
1575548000 64.779 57.530
1575591200 64.774 57.526
1575634400 64.770 57.522
1575677600 64.765 57.518
1575720800 64.761 57.514
1575764000 64.756 57.510
1575807200 64.752 57.506
1575850400 64.747 57.502
1575893600 64.743 57.498
1575936800 64.738 57.494
1575980000 64.734 57.490
1576023200 64.729 57.486
1576066400 64.725 57.482
1576109600 64.720 57.478
1576152800 64.716 57.474
1576196000 64.712 57.470
1576239200 64.707 57.466
1576282400 64.703 57.463
1576325600 64.698 57.459
1576368800 64.694 57.455
1576412000 64.690 57.451
1576455200 64.685 57.447
1576498400 64.681 57.443
1576541600 64.677 57.439
1576584800 64.672 57.435
1576628000 64.668 57.432
1576671200 64.664 57.428
1576714400 64.659 57.424
1576757600 64.655 57.420
1576800800 64.651 57.416
1576844000 64.647 57.413
1576887200 64.642 57.409
1576930400 64.638 57.405
1576973600 64.634 57.401
1577016800 64.630 57.398
1577060000 64.625 57.394
1577103200 64.621 57.390
1577146400 64.617 57.386
1577189600 64.613 57.383
1577232800 64.609 57.379
1577276000 64.605 57.375
1577319200 64.600 57.372
1577362400 64.596 57.368
1577405600 64.592 57.364
1577448800 64.588 57.361
1577492000 64.584 57.357
1577535200 64.580 57.353
1577578400 64.576 57.350
1577621600 64.572 57.346
1577664800 64.568 57.343
1577708000 64.564 57.339
1577751200 64.560 57.335
1577794400 64.556 57.332
1577837600 64.552 57.328
1577880800 64.548 57.325
1577924000 64.544 57.321
1577967200 64.540 57.318
1578010400 64.536 57.314
1578053600 64.532 57.311
1578096800 64.528 57.307
1578140000 64.524 57.304
1578183200 64.520 57.300
1578226400 64.516 57.297
1578269600 64.512 57.293
1578312800 64.508 57.290
1578356000 64.505 57.286
1578399200 64.501 57.283
1578442400 64.497 57.280
1578485600 64.493 57.276
1578528800 64.489 57.273
1578572000 64.486 57.270
1578615200 64.482 57.266
1578658400 64.478 57.263
1578701600 64.474 57.260
1578744800 64.471 57.256
1578788000 64.467 57.253
1578831200 64.463 57.250
1578874400 64.459 57.246
1578917600 64.456 57.243
1578960800 64.452 57.240
1579004000 64.448 57.237
1579047200 64.445 57.233
1579090400 64.441 57.230
1579133600 64.438 57.227
1579176800 64.434 57.224
1579220000 64.430 57.221
1579263200 64.427 57.217
1579306400 64.423 57.214
1579349600 64.420 57.211
1579392800 64.416 57.208
1579436000 64.413 57.205
1579479200 64.409 57.202
1579522400 64.406 57.199
1579565600 64.402 57.196
1579608800 64.399 57.193
1579652000 64.396 57.190
1579695200 64.392 57.187
1579738400 64.389 57.184
1579781600 64.385 57.181
1579824800 64.382 57.178
1579868000 64.379 57.175
1579911200 64.375 57.172
1579954400 64.372 57.169
1579997600 64.369 57.166
1580040800 64.366 57.163
1580084000 64.362 57.160
1580127200 64.359 57.157
1580170400 64.356 57.154
1580213600 64.353 57.151
1580256800 64.349 57.149
1580300000 64.346 57.146
1580343200 64.343 57.143
1580386400 64.340 57.140
1580429600 64.337 57.137
1580472800 64.334 57.135
1580516000 64.331 57.132
1580559200 64.328 57.129
1580602400 64.324 57.127
1580645600 64.321 57.124
1580688800 64.318 57.121
1580732000 64.315 57.118
1580775200 64.312 57.116
1580818400 64.309 57.113
1580861600 64.307 57.111
1580904800 64.304 57.108
1580948000 64.301 57.105
1580991200 64.298 57.103
1581034400 64.295 57.100
1581077600 64.292 57.098
1581120800 64.289 57.095
1581164000 64.286 57.093
1581207200 64.284 57.090
1581250400 64.281 57.088
1581293600 64.278 57.085
1581336800 64.275 57.083
1581380000 64.273 57.080
1581423200 64.270 57.078
1581466400 64.267 57.076
1581509600 64.264 57.073
1581552800 64.262 57.071
1581596000 64.259 57.069
1581639200 64.257 57.066
1581682400 64.254 57.064
1581725600 64.251 57.062
1581768800 64.249 57.059
1581812000 64.246 57.057
1581855200 64.244 57.055
1581898400 64.241 57.053
1581941600 64.239 57.051
1581984800 64.236 57.048
1582028000 64.234 57.046
1582071200 64.232 57.044
1582114400 64.229 57.042
1582157600 64.227 57.040
1582200800 64.224 57.038
1582244000 64.222 57.036
1582287200 64.220 57.034
1582330400 64.218 57.032
1582373600 64.215 57.030
1582416800 64.213 57.028
1582460000 64.211 57.026
1582503200 64.209 57.024
1582546400 64.206 57.022
1582589600 64.204 57.020
1582632800 64.202 57.018
1582676000 64.200 57.016
1582719200 64.198 57.014
1582762400 64.196 57.012
1582805600 64.194 57.010
1582848800 64.192 57.009
1582892000 64.190 57.007
1582935200 64.188 57.005
1582978400 64.186 57.003
1583021600 64.184 57.002
1583064800 64.182 57.000
1583108000 64.180 56.998
1583151200 64.178 56.997
1583194400 64.176 56.995
1583237600 64.174 56.993
1583280800 64.173 56.992
1583324000 64.171 56.990
1583367200 64.169 56.988
1583410400 64.167 56.987
1583453600 64.166 56.985
1583496800 64.164 56.984
1583540000 64.162 56.982
1583583200 64.161 56.981
1583626400 64.159 56.979
1583669600 64.157 56.978
1583712800 64.156 56.977
1583756000 64.154 56.975
1583799200 64.153 56.974
1583842400 64.151 56.973
1583885600 64.150 56.971
1583928800 64.148 56.970
1583972000 64.147 56.969
1584015200 64.145 56.967
1584058400 64.144 56.966
1584101600 64.142 56.965
1584144800 64.141 56.964
1584188000 64.140 56.963
1584231200 64.139 56.961
1584274400 64.137 56.960
1584317600 64.136 56.959
1584360800 64.135 56.958
1584404000 64.134 56.957
1584447200 64.132 56.956
1584490400 64.131 56.955
1584533600 64.130 56.954
1584576800 64.129 56.953
1584620000 64.128 56.952
1584663200 64.127 56.951
1584706400 64.126 56.950
1584749600 64.125 56.949
1584792800 64.124 56.948
1584836000 64.123 56.948
1584879200 64.122 56.947
1584922400 64.121 56.946
1584965600 64.120 56.945
1585008800 64.119 56.944
1585052000 64.119 56.944
1585095200 64.118 56.943
1585138400 64.117 56.942
1585181600 64.116 56.942
1585224800 64.116 56.941
1585268000 64.115 56.940
1585311200 64.114 56.940
1585354400 64.114 56.939
1585397600 64.113 56.939
1585440800 64.112 56.938
1585484000 64.112 56.938
1585527200 64.111 56.937
1585570400 64.111 56.937
1585613600 64.110 56.936
1585656800 64.110 56.936
1585700000 64.110 56.936
1585743200 64.109 56.935
1585786400 64.109 56.935
1585829600 64.108 56.935
1585872800 64.108 56.934
1585916000 64.108 56.934
1585959200 64.108 56.934
1586002400 64.107 56.934
1586045600 64.107 56.934
1586088800 64.107 56.933
1586132000 64.107 56.933
1586175200 64.107 56.933
1586218400 64.107 56.933
1586261600 64.107 56.933
1586304800 64.107 56.933
1586348000 64.107 56.933
1586391200 64.107 56.933
1586434400 64.107 56.933
1586477600 64.107 56.933
1586520800 64.107 56.933
1586564000 64.107 56.933
1586607200 64.107 56.934
1586650400 64.107 56.934
1586693600 64.108 56.934
1586736800 64.108 56.934
1586780000 64.108 56.934
1586823200 64.108 56.935
1586866400 64.109 56.935
1586909600 64.109 56.935
1586952800 64.110 56.936
1586996000 64.110 56.936
1587039200 64.110 56.936
1587082400 64.111 56.937
1587125600 64.112 56.937
1587168800 64.112 56.938
1587212000 64.113 56.938
1587255200 64.113 56.939
1587298400 64.114 56.940
1587341600 64.115 56.940
1587384800 64.115 56.941
1587428000 64.116 56.941
1587471200 64.117 56.942
1587514400 64.118 56.943
1587557600 64.118 56.944
1587600800 64.119 56.944
1587644000 64.120 56.945
1587687200 64.121 56.946
1587730400 64.122 56.947
1587773600 64.123 56.948
1587816800 64.124 56.949
1587860000 64.125 56.949
1587903200 64.126 56.950
1587946400 64.127 56.951
1587989600 64.128 56.952
1588032800 64.130 56.953
1588076000 64.131 56.954
1588119200 64.132 56.956
1588162400 64.133 56.957
1588205600 64.135 56.958
1588248800 64.136 56.959
1588292000 64.137 56.960
1588335200 64.139 56.961
1588378400 64.140 56.963
1588421600 64.142 56.964
1588464800 64.143 56.965
1588508000 64.145 56.967
1588551200 64.146 56.968
1588594400 64.148 56.970
1588637600 64.149 56.971
1588680800 64.151 56.972
1588724000 64.153 56.974
1588767200 64.154 56.975
1588810400 64.156 56.977
1588853600 64.158 56.979
1588896800 64.160 56.980
1588940000 64.162 56.982
1588983200 64.163 56.984
1589026400 64.165 56.985
1589069600 64.167 56.987
1589112800 64.169 56.989
1589156000 64.171 56.991
1589199200 64.173 56.992
1589242400 64.176 56.994
1589285600 64.178 56.996
1589328800 64.180 56.998
1589372000 64.182 57.000
1589415200 64.184 57.002
