1499991200 56.472 49.755
1500034400 56.514 49.792
1500077600 56.555 49.828
1500120800 56.596 49.865
1500164000 56.638 49.901
1500207200 56.679 49.937
1500250400 56.720 49.973
1500293600 56.760 50.009
1500336800 56.801 50.045
1500380000 56.842 50.081
1500423200 56.883 50.117
1500466400 56.923 50.152
1500509600 56.963 50.188
1500552800 57.004 50.224
1500596000 57.044 50.259
1500639200 57.084 50.294
1500682400 57.124 50.330
1500725600 57.164 50.365
1500768800 57.204 50.400
1500812000 57.243 50.435
1500855200 57.283 50.470
1500898400 57.322 50.504
1500941600 57.362 50.539
1500984800 57.401 50.574
1501028000 57.440 50.608
1501071200 57.479 50.643
1501114400 57.518 50.677
1501157600 57.557 50.711
1501200800 57.596 50.745
1501244000 57.635 50.780
1501287200 57.673 50.814
1501330400 57.712 50.847
1501373600 57.750 50.881
1501416800 57.789 50.915
1501460000 57.827 50.949
1501503200 57.865 50.982
1501546400 57.903 51.016
1501589600 57.941 51.049
1501632800 57.979 51.082
1501676000 58.016 51.116
1501719200 58.054 51.149
1501762400 58.091 51.182
1501805600 58.129 51.215
1501848800 58.166 51.248
1501892000 58.203 51.281
1501935200 58.241 51.313
1501978400 58.278 51.346
1502021600 58.315 51.378
1502064800 58.351 51.411
1502108000 58.388 51.443
1502151200 58.425 51.476
1502194400 58.461 51.508
1502237600 58.498 51.540
1502280800 58.534 51.572
1502324000 58.570 51.604
1502367200 58.607 51.636
1502410400 58.643 51.668
1502453600 58.679 51.699
1502496800 58.715 51.731
1502540000 58.750 51.762
1502583200 58.786 51.794
1502626400 58.822 51.825
1502669600 58.857 51.856
1502712800 58.892 51.888
1502756000 58.928 51.919
1502799200 58.963 51.950
1502842400 58.998 51.981
1502885600 59.033 52.012
1502928800 59.068 52.042
1502972000 59.103 52.073
1503015200 59.138 52.104
1503058400 59.172 52.134
1503101600 59.207 52.165
1503144800 59.241 52.195
1503188000 59.276 52.225
1503231200 59.310 52.256
1503274400 59.344 52.286
1503317600 59.378 52.316
1503360800 59.412 52.346
1503404000 59.446 52.376
1503447200 59.480 52.405
1503490400 59.514 52.435
1503533600 59.547 52.465
1503576800 59.581 52.494
1503620000 59.614 52.524
1503663200 59.648 52.553
1503706400 59.681 52.582
1503749600 59.714 52.612
1503792800 59.747 52.641
1503836000 59.780 52.670
1503879200 59.813 52.699
1503922400 59.846 52.728
1503965600 59.879 52.757
1504008800 59.911 52.785
1504052000 59.944 52.814
1504095200 59.976 52.843
1504138400 60.009 52.871
1504181600 60.041 52.900
1504224800 60.073 52.928
1504268000 60.105 52.956
1504311200 60.137 52.984
1504354400 60.169 53.012
1504397600 60.201 53.041
1504440800 60.233 53.068
1504484000 60.264 53.096
1504527200 60.296 53.124
1504570400 60.327 53.152
1504613600 60.359 53.179
1504656800 60.390 53.207
1504700000 60.421 53.235
1504743200 60.452 53.262
1504786400 60.483 53.289
1504829600 60.514 53.316
1504872800 60.545 53.344
1504916000 60.576 53.371
1504959200 60.606 53.398
1505002400 60.637 53.425
1505045600 60.668 53.452
1505088800 60.698 53.478
1505132000 60.728 53.505
1505175200 60.758 53.532
1505218400 60.789 53.558
1505261600 60.819 53.585
1505304800 60.849 53.611
1505348000 60.878 53.637
1505391200 60.908 53.664
1505434400 60.938 53.690
1505477600 60.968 53.716
1505520800 60.997 53.742
1505564000 61.027 53.768
1505607200 61.056 53.794
1505650400 61.085 53.820
1505693600 61.114 53.845
1505736800 61.143 53.871
1505780000 61.172 53.896
1505823200 61.201 53.922
1505866400 61.230 53.947
1505909600 61.259 53.973
1505952800 61.288 53.998
1505996000 61.316 54.023
1506039200 61.345 54.048
1506082400 61.373 54.073
1506125600 61.401 54.098
1506168800 61.430 54.123
1506212000 61.458 54.148
1506255200 61.486 54.173
1506298400 61.514 54.197
1506341600 61.542 54.222
1506384800 61.570 54.246
1506428000 61.597 54.271
1506471200 61.625 54.295
1506514400 61.653 54.319
1506557600 61.680 54.344
1506600800 61.707 54.368
1506644000 61.735 54.392
1506687200 61.762 54.416
1506730400 61.789 54.440
1506773600 61.816 54.464
1506816800 61.843 54.487
1506860000 61.870 54.511
1506903200 61.897 54.535
1506946400 61.924 54.558
1506989600 61.950 54.582
1507032800 61.977 54.605
1507076000 62.003 54.629
1507119200 62.030 54.652
1507162400 62.056 54.675
1507205600 62.082 54.698
1507248800 62.109 54.721
1507292000 62.135 54.744
1507335200 62.161 54.767
1507378400 62.187 54.790
1507421600 62.212 54.813
1507464800 62.238 54.835
1507508000 62.264 54.858
1507551200 62.289 54.881
1507594400 62.315 54.903
1507637600 62.340 54.925
1507680800 62.366 54.948
1507724000 62.391 54.970
1507767200 62.416 54.992
1507810400 62.441 55.014
1507853600 62.466 55.036
1507896800 62.491 55.058
1507940000 62.516 55.080
1507983200 62.541 55.102
1508026400 62.566 55.124
1508069600 62.590 55.146
1508112800 62.615 55.167
1508156000 62.639 55.189
1508199200 62.664 55.210
1508242400 62.688 55.232
1508285600 62.712 55.253
1508328800 62.736 55.274
1508372000 62.761 55.296
1508415200 62.785 55.317
1508458400 62.808 55.338
1508501600 62.832 55.359
1508544800 62.856 55.380
1508588000 62.880 55.401
1508631200 62.903 55.421
1508674400 62.927 55.442
1508717600 62.950 55.463
1508760800 62.974 55.483
1508804000 62.997 55.504
1508847200 63.020 55.524
1508890400 63.043 55.545
1508933600 63.067 55.565
1508976800 63.090 55.585
1509020000 63.112 55.606
1509063200 63.135 55.626
1509106400 63.158 55.646
1509149600 63.181 55.666
1509192800 63.203 55.686
1509236000 63.226 55.706
1509279200 63.248 55.725
1509322400 63.271 55.745
1509365600 63.293 55.765
1509408800 63.315 55.784
1509452000 63.337 55.804
1509495200 63.360 55.823
1509538400 63.382 55.843
1509581600 63.404 55.862
1509624800 63.425 55.881
1509668000 63.447 55.901
1509711200 63.469 55.920
1509754400 63.491 55.939
1509797600 63.512 55.958
1509840800 63.534 55.977
1509884000 63.555 55.996
1509927200 63.576 56.014
1509970400 63.598 56.033
1510013600 63.619 56.052
1510056800 63.640 56.070
1510100000 63.661 56.089
1510143200 63.682 56.107
1510186400 63.703 56.126
1510229600 63.724 56.144
1510272800 63.744 56.163
1510316000 63.765 56.181
1510359200 63.786 56.199
1510402400 63.806 56.217
1510445600 63.827 56.235
1510488800 63.847 56.253
1510532000 63.867 56.271
1510575200 63.888 56.289
1510618400 63.908 56.306
1510661600 63.928 56.324
1510704800 63.948 56.342
1510748000 63.968 56.359
1510791200 63.988 56.377
1510834400 64.008 56.394
1510877600 64.027 56.412
1510920800 64.047 56.429
1510964000 64.067 56.446
1511007200 64.086 56.464
1511050400 64.106 56.481
1511093600 64.125 56.498
1511136800 64.144 56.515
1511180000 64.164 56.532
1511223200 64.183 56.549
1511266400 64.202 56.566
1511309600 64.221 56.582
1511352800 64.240 56.599
1511396000 64.259 56.616
1511439200 64.278 56.632
1511482400 64.296 56.649
1511525600 64.315 56.665
1511568800 64.334 56.682
1511612000 64.352 56.698
1511655200 64.371 56.714
1511698400 64.389 56.731
1511741600 64.408 56.747
1511784800 64.426 56.763
1511828000 64.444 56.779
1511871200 64.462 56.795
1511914400 64.480 56.811
1511957600 64.498 56.827
1512000800 64.516 56.842
1512044000 64.534 56.858
1512087200 64.552 56.874
1512130400 64.570 56.890
1512173600 64.587 56.905
1512216800 64.605 56.921
1512260000 64.622 56.936
1512303200 64.640 56.951
1512346400 64.657 56.967
1512389600 64.675 56.982
1512432800 64.692 56.997
1512476000 64.709 57.012
1512519200 64.726 57.027
1512562400 64.743 57.043
1512605600 64.760 57.058
1512648800 64.777 57.072
1512692000 64.794 57.087
1512735200 64.811 57.102
1512778400 64.828 57.117
1512821600 64.844 57.132
1512864800 64.861 57.146
1512908000 64.877 57.161
1512951200 64.894 57.175
1512994400 64.910 57.190
1513037600 64.927 57.204
1513080800 64.943 57.218
1513124000 64.959 57.233
1513167200 64.975 57.247
1513210400 64.991 57.261
1513253600 65.007 57.275
1513296800 65.023 57.289
1513340000 65.039 57.303
1513383200 65.055 57.317
1513426400 65.071 57.331
1513469600 65.086 57.345
1513512800 65.102 57.359
1513556000 65.118 57.372
1513599200 65.133 57.386
1513642400 65.149 57.400
1513685600 65.164 57.413
1513728800 65.179 57.427
1513772000 65.195 57.440
1513815200 65.210 57.454
1513858400 65.225 57.467
1513901600 65.240 57.480
1513944800 65.255 57.493
1513988000 65.270 57.507
1514031200 65.285 57.520
1514074400 65.300 57.533
1514117600 65.314 57.546
1514160800 65.329 57.559
1514204000 65.344 57.572
1514247200 65.358 57.584
1514290400 65.373 57.597
1514333600 65.387 57.610
1514376800 65.402 57.623
1514420000 65.416 57.635
1514463200 65.430 57.648
1514506400 65.444 57.660
1514549600 65.458 57.673
1514592800 65.473 57.685
1514636000 65.487 57.697
1514679200 65.501 57.710
1514722400 65.514 57.722
1514765600 65.528 57.734
1514808800 65.542 57.746
1514852000 65.556 57.758
1514895200 65.569 57.770
1514938400 65.583 57.782
1514981600 65.597 57.794
1515024800 65.610 57.806
1515068000 65.623 57.818
1515111200 65.637 57.830
1515154400 65.650 57.842
1515197600 65.663 57.853
1515240800 65.677 57.865
1515284000 65.690 57.876
1515327200 65.703 57.888
1515370400 65.716 57.899
1515413600 65.729 57.911
1515456800 65.742 57.922
1515500000 65.754 57.933
1515543200 65.767 57.945
1515586400 65.780 57.956
1515629600 65.793 57.967
1515672800 65.805 57.978
1515716000 65.818 57.989
1515759200 65.830 58.000
1515802400 65.843 58.011
1515845600 65.855 58.022
1515888800 65.867 58.033
1515932000 65.880 58.044
1515975200 65.892 58.054
1516018400 65.904 58.065
1516061600 65.916 58.076
1516104800 65.928 58.086
1516148000 65.940 58.097
1516191200 65.952 58.107
1516234400 65.964 58.118
1516277600 65.976 58.128
1516320800 65.987 58.139
1516364000 65.999 58.149
1516407200 66.011 58.159
1516450400 66.022 58.169
1516493600 66.034 58.180
1516536800 66.045 58.190
1516580000 66.057 58.200
1516623200 66.068 58.210
1516666400 66.079 58.220
1516709600 66.091 58.230
1516752800 66.102 58.240
1516796000 66.113 58.249
1516839200 66.124 58.259
1516882400 66.135 58.269
1516925600 66.146 58.279
1516968800 66.157 58.288
1517012000 66.168 58.298
1517055200 66.179 58.307
1517098400 66.190 58.317
1517141600 66.200 58.326
1517184800 66.211 58.336
1517228000 66.222 58.345
1517271200 66.232 58.354
1517314400 66.243 58.364
1517357600 66.253 58.373
1517400800 66.264 58.382
1517444000 66.274 58.391
1517487200 66.284 58.400
1517530400 66.294 58.409
1517573600 66.305 58.418
1517616800 66.315 58.427
1517660000 66.325 58.436
1517703200 66.335 58.445
1517746400 66.345 58.454
1517789600 66.355 58.462
1517832800 66.365 58.471
1517876000 66.375 58.480
1517919200 66.384 58.488
1517962400 66.394 58.497
1518005600 66.404 58.505
1518048800 66.413 58.514
1518092000 66.423 58.522
1518135200 66.432 58.531
1518178400 66.442 58.539
1518221600 66.451 58.547
1518264800 66.461 58.556
1518308000 66.470 58.564
1518351200 66.479 58.572
1518394400 66.489 58.580
1518437600 66.498 58.588
1518480800 66.507 58.596
1518524000 66.516 58.604
1518567200 66.525 58.612
1518610400 66.534 58.620
1518653600 66.543 58.628
1518696800 66.552 58.636
1518740000 66.561 58.644
1518783200 66.569 58.651
1518826400 66.578 58.659
1518869600 66.587 58.667
1518912800 66.595 58.674
1518956000 66.604 58.682
1518999200 66.613 58.689
1519042400 66.621 58.697
1519085600 66.629 58.704
1519128800 66.638 58.712
1519172000 66.646 58.719
1519215200 66.655 58.726
1519258400 66.663 58.734
1519301600 66.671 58.741
1519344800 66.679 58.748
1519388000 66.687 58.755
1519431200 66.695 58.762
1519474400 66.703 58.769
1519517600 66.711 58.776
1519560800 66.719 58.783
1519604000 66.727 58.790
1519647200 66.735 58.797
1519690400 66.743 58.804
1519733600 66.750 58.811
1519776800 66.758 58.818
1519820000 66.766 58.825
1519863200 66.773 58.831
1519906400 66.781 58.838
1519949600 66.789 58.845
1519992800 66.796 58.851
1520036000 66.803 58.858
1520079200 66.811 58.864
1520122400 66.818 58.871
1520165600 66.825 58.877
1520208800 66.833 58.883
1520252000 66.840 58.890
1520295200 66.847 58.896
1520338400 66.854 58.902
1520381600 66.861 58.909
1520424800 66.868 58.915
1520468000 66.875 58.921
1520511200 66.882 58.927
1520554400 66.889 58.933
1520597600 66.896 58.939
1520640800 66.903 58.945
1520684000 66.909 58.951
1520727200 66.916 58.957
1520770400 66.923 58.963
1520813600 66.929 58.969
1520856800 66.936 58.975
1520900000 66.943 58.980
1520943200 66.949 58.986
1520986400 66.956 58.992
1521029600 66.962 58.997
1521072800 66.968 59.003
1521116000 66.975 59.009
1521159200 66.981 59.014
1521202400 66.987 59.020
1521245600 66.994 59.025
1521288800 67.000 59.031
1521332000 67.006 59.036
1521375200 67.012 59.041
1521418400 67.018 59.047
1521461600 67.024 59.052
1521504800 67.030 59.057
1521548000 67.036 59.062
1521591200 67.042 59.068
1521634400 67.048 59.073
1521677600 67.053 59.078
1521720800 67.059 59.083
1521764000 67.065 59.088
1521807200 67.071 59.093
1521850400 67.076 59.098
1521893600 67.082 59.103
1521936800 67.087 59.108
1521980000 67.093 59.113
1522023200 67.098 59.117
1522066400 67.104 59.122
1522109600 67.109 59.127
1522152800 67.115 59.132
1522196000 67.120 59.136
1522239200 67.125 59.141
1522282400 67.130 59.146
1522325600 67.136 59.150
1522368800 67.141 59.155
1522412000 67.146 59.159
1522455200 67.151 59.164
1522498400 67.156 59.168
1522541600 67.161 59.173
1522584800 67.166 59.177
1522628000 67.171 59.182
1522671200 67.176 59.186
1522714400 67.181 59.190
1522757600 67.186 59.194
1522800800 67.190 59.199
1522844000 67.195 59.203
1522887200 67.200 59.207
1522930400 67.205 59.211
1522973600 67.209 59.215
1523016800 67.214 59.219
1523060000 67.218 59.223
1523103200 67.223 59.227
1523146400 67.227 59.231
1523189600 67.232 59.235
1523232800 67.236 59.239
1523276000 67.241 59.243
1523319200 67.245 59.247
1523362400 67.249 59.251
1523405600 67.254 59.254
1523448800 67.258 59.258
1523492000 67.262 59.262
1523535200 67.266 59.266
1523578400 67.271 59.269
1523621600 67.275 59.273
1523664800 67.279 59.276
1523708000 67.283 59.280
1523751200 67.287 59.283
1523794400 67.291 59.287
1523837600 67.295 59.290
1523880800 67.299 59.294
1523924000 67.302 59.297
1523967200 67.306 59.301
1524010400 67.310 59.304
1524053600 67.314 59.307
1524096800 67.318 59.311
1524140000 67.321 59.314
1524183200 67.325 59.317
1524226400 67.329 59.320
1524269600 67.332 59.324
1524312800 67.336 59.327
1524356000 67.339 59.330
1524399200 67.343 59.333
1524442400 67.346 59.336
1524485600 67.350 59.339
1524528800 67.353 59.342
1524572000 67.357 59.345
1524615200 67.360 59.348
1524658400 67.363 59.351
1524701600 67.366 59.354
1524744800 67.370 59.357
1524788000 67.373 59.359
1524831200 67.376 59.362
1524874400 67.379 59.365
1524917600 67.382 59.368
1524960800 67.385 59.370
1525004000 67.389 59.373
1525047200 67.392 59.376
1525090400 67.395 59.378
1525133600 67.398 59.381
1525176800 67.400 59.384
1525220000 67.403 59.386
1525263200 67.406 59.389
1525306400 67.409 59.391
1525349600 67.412 59.394
1525392800 67.415 59.396
1525436000 67.417 59.399
1525479200 67.420 59.401
1525522400 67.423 59.403
1525565600 67.426 59.406
1525608800 67.428 59.408
1525652000 67.431 59.410
1525695200 67.433 59.413
1525738400 67.436 59.415
1525781600 67.438 59.417
1525824800 67.441 59.419
1525868000 67.443 59.422
1525911200 67.446 59.424
1525954400 67.448 59.426
1525997600 67.451 59.428
1526040800 67.453 59.430
1526084000 67.455 59.432
1526127200 67.458 59.434
1526170400 67.460 59.436
1526213600 67.462 59.438
1526256800 67.464 59.440
1526300000 67.467 59.442
1526343200 67.469 59.444
1526386400 67.471 59.446
1526429600 67.473 59.448
1526472800 67.475 59.449
1526516000 67.477 59.451
1526559200 67.479 59.453
1526602400 67.481 59.455
1526645600 67.483 59.457
1526688800 67.485 59.458
1526732000 67.487 59.460
1526775200 67.489 59.462
1526818400 67.491 59.463
1526861600 67.493 59.465
1526904800 67.495 59.467
1526948000 67.496 59.468
1526991200 67.498 59.470
1527034400 67.500 59.471
1527077600 67.502 59.473
1527120800 67.503 59.474
1527164000 67.505 59.476
1527207200 67.507 59.477
1527250400 67.508 59.479
1527293600 67.510 59.480
1527336800 67.511 59.481
1527380000 67.513 59.483
1527423200 67.514 59.484
1527466400 67.516 59.485
1527509600 67.517 59.487
1527552800 67.519 59.488
1527596000 67.520 59.489
1527639200 67.522 59.491
1527682400 67.523 59.492
1527725600 67.524 59.493
1527768800 67.526 59.494
1527812000 67.527 59.495
1527855200 67.528 59.496
1527898400 67.530 59.498
1527941600 67.531 59.499
1527984800 67.532 59.500
1528028000 67.533 59.501
1528071200 67.535 59.502
1528114400 67.536 59.503
1528157600 67.537 59.504
1528200800 67.538 59.505
1528244000 67.539 59.506
1528287200 67.540 59.507
1528330400 67.541 59.508
1528373600 67.542 59.509
1528416800 67.543 59.509
1528460000 67.544 59.510
1528503200 67.545 59.511
1528546400 67.546 59.512
1528589600 67.547 59.513
1528632800 67.548 59.514
1528676000 67.549 59.514
1528719200 67.550 59.515
1528762400 67.551 59.516
1528805600 67.551 59.517
1528848800 67.552 59.517
1528892000 67.553 59.518
1528935200 67.554 59.519
1528978400 67.554 59.519
1529021600 67.555 59.520
1529064800 67.556 59.521
1529108000 67.557 59.521
1529151200 67.557 59.522
1529194400 67.558 59.522
1529237600 67.559 59.523
1529280800 67.559 59.524
1529324000 67.560 59.524
1529367200 67.560 59.525
1529410400 67.561 59.525
1529453600 67.561 59.525
1529496800 67.562 59.526
1529540000 67.562 59.526
1529583200 67.563 59.527
1529626400 67.563 59.527
1529669600 67.564 59.528
1529712800 67.564 59.528
1529756000 67.565 59.528
1529799200 67.565 59.529
1529842400 67.565 59.529
1529885600 67.566 59.529
1529928800 67.566 59.530
1529972000 67.567 59.530
1530015200 67.567 59.530
1530058400 67.567 59.531
1530101600 67.567 59.531
1530144800 67.568 59.531
1530188000 67.568 59.531
1530231200 67.568 59.531
1530274400 67.568 59.532
1530317600 67.569 59.532
1530360800 67.569 59.532
1530404000 67.569 59.532
1530447200 67.569 59.532
1530490400 67.569 59.532
1530533600 67.569 59.532
1530576800 67.569 59.533
1530620000 67.570 59.533
1530663200 67.570 59.533
1530706400 67.570 59.533
1530749600 67.570 59.533
1530792800 67.570 59.533
1530836000 67.570 59.533
1530879200 67.570 59.533
1530922400 67.570 59.533
1530965600 67.570 59.533
1531008800 67.570 59.533
1531052000 67.570 59.533
1531095200 67.570 59.533
1531138400 67.570 59.533
1531181600 67.569 59.533
1531224800 67.569 59.533
1531268000 67.569 59.532
1531311200 67.569 59.532
1531354400 67.569 59.532
1531397600 67.569 59.532
1531440800 67.569 59.532
1531484000 67.569 59.532
1531527200 67.568 59.532
1531570400 67.568 59.531
1531613600 67.568 59.531
1531656800 67.568 59.531
1531700000 67.567 59.531
1531743200 67.567 59.531
1531786400 67.567 59.530
1531829600 67.567 59.530
1531872800 67.566 59.530
1531916000 67.566 59.530
1531959200 67.566 59.529
1532002400 67.565 59.529
1532045600 67.565 59.529
1532088800 67.565 59.528
1532132000 67.564 59.528
1532175200 67.564 59.528
1532218400 67.564 59.528
1532261600 67.563 59.527
1532304800 67.563 59.527
1532348000 67.563 59.526
1532391200 67.562 59.526
1532434400 67.562 59.526
1532477600 67.561 59.525
1532520800 67.561 59.525
1532564000 67.560 59.525
1532607200 67.560 59.524
1532650400 67.559 59.524
1532693600 67.559 59.523
1532736800 67.559 59.523
1532780000 67.558 59.523
1532823200 67.558 59.522
1532866400 67.557 59.522
1532909600 67.557 59.521
1532952800 67.556 59.521
1532996000 67.555 59.520
1533039200 67.555 59.520
1533082400 67.554 59.519
1533125600 67.554 59.519
1533168800 67.553 59.518
1533212000 67.553 59.518
1533255200 67.552 59.517
1533298400 67.552 59.517
1533341600 67.551 59.516
1533384800 67.550 59.516
1533428000 67.550 59.515
1533471200 67.549 59.515
1533514400 67.548 59.514
1533557600 67.548 59.514
1533600800 67.547 59.513
1533644000 67.547 59.512
1533687200 67.546 59.512
1533730400 67.545 59.511
1533773600 67.545 59.511
1533816800 67.544 59.510
1533860000 67.543 59.510
1533903200 67.543 59.509
1533946400 67.542 59.508
1533989600 67.541 59.508
1534032800 67.541 59.507
1534076000 67.540 59.506
1534119200 67.539 59.506
1534162400 67.538 59.505
1534205600 67.538 59.505
1534248800 67.537 59.504
1534292000 67.536 59.503
1534335200 67.536 59.503
1534378400 67.535 59.502
1534421600 67.534 59.501
1534464800 67.533 59.501
1534508000 67.533 59.500
1534551200 67.532 59.500
1534594400 67.531 59.499
1534637600 67.530 59.498
1534680800 67.530 59.498
1534724000 67.529 59.497
1534767200 67.528 59.496
1534810400 67.527 59.496
1534853600 67.527 59.495
1534896800 67.526 59.494
1534940000 67.525 59.493
1534983200 67.524 59.493
1535026400 67.524 59.492
1535069600 67.523 59.491
1535112800 67.522 59.491
1535156000 67.521 59.490
1535199200 67.520 59.489
1535242400 67.520 59.489
1535285600 67.519 59.488
1535328800 67.518 59.487
1535372000 67.517 59.487
1535415200 67.517 59.486
1535458400 67.516 59.485
1535501600 67.515 59.485
1535544800 67.514 59.484
1535588000 67.513 59.483
1535631200 67.513 59.482
1535674400 67.512 59.482
1535717600 67.511 59.481
1535760800 67.510 59.480
1535804000 67.509 59.480
1535847200 67.509 59.479
1535890400 67.508 59.478
1535933600 67.507 59.478
1535976800 67.506 59.477
1536020000 67.505 59.476
1536063200 67.505 59.475
1536106400 67.504 59.475
1536149600 67.503 59.474
1536192800 67.502 59.473
1536236000 67.501 59.473
1536279200 67.501 59.472
1536322400 67.500 59.471
1536365600 67.499 59.471
1536408800 67.498 59.470
1536452000 67.498 59.469
1536495200 67.497 59.469
1536538400 67.496 59.468
1536581600 67.495 59.467
1536624800 67.494 59.467
1536668000 67.494 59.466
1536711200 67.493 59.465
1536754400 67.492 59.464
1536797600 67.491 59.464
1536840800 67.491 59.463
1536884000 67.490 59.462
1536927200 67.489 59.462
1536970400 67.488 59.461
1537013600 67.488 59.460
1537056800 67.487 59.460
1537100000 67.486 59.459
1537143200 67.485 59.459
1537186400 67.485 59.458
1537229600 67.484 59.457
1537272800 67.483 59.457
1537316000 67.482 59.456
1537359200 67.482 59.455
1537402400 67.481 59.455
1537445600 67.480 59.454
1537488800 67.480 59.453
1537532000 67.479 59.453
1537575200 67.478 59.452
1537618400 67.477 59.451
1537661600 67.477 59.451
1537704800 67.476 59.450
1537748000 67.475 59.450
1537791200 67.474 59.449
1537834400 67.474 59.448
1537877600 67.473 59.448
1537920800 67.472 59.447
1537964000 67.472 59.446
1538007200 67.471 59.446
1538050400 67.470 59.445
1538093600 67.470 59.445
1538136800 67.469 59.444
1538180000 67.468 59.443
1538223200 67.467 59.443
1538266400 67.467 59.442
1538309600 67.466 59.441
1538352800 67.465 59.441
1538396000 67.465 59.440
1538439200 67.464 59.440
1538482400 67.463 59.439
1538525600 67.463 59.438
1538568800 67.462 59.438
1538612000 67.461 59.437
1538655200 67.460 59.437
1538698400 67.460 59.436
1538741600 67.459 59.435
1538784800 67.458 59.435
1538828000 67.458 59.434
1538871200 67.457 59.434
1538914400 67.456 59.433
1538957600 67.456 59.432
1539000800 67.455 59.432
1539044000 67.454 59.431
1539087200 67.454 59.431
1539130400 67.453 59.430
1539173600 67.452 59.429
1539216800 67.452 59.429
1539260000 67.451 59.428
1539303200 67.450 59.428
1539346400 67.450 59.427
1539389600 67.449 59.426
1539432800 67.448 59.426
1539476000 67.448 59.425
1539519200 67.447 59.425
1539562400 67.446 59.424
1539605600 67.446 59.423
1539648800 67.445 59.423
1539692000 67.444 59.422
1539735200 67.444 59.422
1539778400 67.443 59.421
1539821600 67.442 59.421
1539864800 67.442 59.420
1539908000 67.441 59.419
1539951200 67.440 59.419
1539994400 67.440 59.418
1540037600 67.439 59.418
1540080800 67.438 59.417
1540124000 67.438 59.417
1540167200 67.437 59.416
1540210400 67.436 59.415
1540253600 67.436 59.415
1540296800 67.435 59.414
1540340000 67.434 59.414
1540383200 67.434 59.413
1540426400 67.433 59.412
1540469600 67.433 59.412
1540512800 67.432 59.411
1540556000 67.431 59.411
1540599200 67.431 59.410
1540642400 67.430 59.410
1540685600 67.429 59.409
1540728800 67.429 59.408
1540772000 67.428 59.408
1540815200 67.427 59.407
1540858400 67.427 59.407
1540901600 67.426 59.406
1540944800 67.425 59.406
1540988000 67.425 59.405
1541031200 67.424 59.404
1541074400 67.423 59.404
1541117600 67.423 59.403
1541160800 67.422 59.403
1541204000 67.421 59.402
1541247200 67.421 59.402
1541290400 67.420 59.401
1541333600 67.420 59.400
1541376800 67.419 59.400
1541420000 67.418 59.399
1541463200 67.418 59.399
1541506400 67.417 59.398
1541549600 67.416 59.398
1541592800 67.416 59.397
1541636000 67.415 59.396
1541679200 67.414 59.396
1541722400 67.414 59.395
1541765600 67.413 59.395
1541808800 67.412 59.394
1541852000 67.412 59.394
1541895200 67.411 59.393
1541938400 67.410 59.392
1541981600 67.410 59.392
1542024800 67.409 59.391
1542068000 67.408 59.391
1542111200 67.408 59.390
1542154400 67.407 59.390
1542197600 67.406 59.389
1542240800 67.406 59.388
1542284000 67.405 59.388
1542327200 67.405 59.387
1542370400 67.404 59.387
1542413600 67.403 59.386
1542456800 67.403 59.385
1542500000 67.402 59.385
1542543200 67.401 59.384
1542586400 67.401 59.384
1542629600 67.400 59.383
1542672800 67.399 59.383
1542716000 67.399 59.382
1542759200 67.398 59.381
1542802400 67.397 59.381
1542845600 67.397 59.380
1542888800 67.396 59.380
1542932000 67.395 59.379
1542975200 67.395 59.378
1543018400 67.394 59.378
1543061600 67.393 59.377
1543104800 67.393 59.377
1543148000 67.392 59.376
1543191200 67.391 59.376
1543234400 67.391 59.375
1543277600 67.390 59.374
1543320800 67.389 59.374
1543364000 67.388 59.373
1543407200 67.388 59.373
1543450400 67.387 59.372
1543493600 67.386 59.371
1543536800 67.386 59.371
1543580000 67.385 59.370
1543623200 67.384 59.370
1543666400 67.384 59.369
1543709600 67.383 59.368
1543752800 67.382 59.368
1543796000 67.382 59.367
1543839200 67.381 59.366
1543882400 67.380 59.366
1543925600 67.380 59.365
1543968800 67.379 59.365
1544012000 67.378 59.364
1544055200 67.377 59.363
1544098400 67.377 59.363
1544141600 67.376 59.362
1544184800 67.375 59.362
1544228000 67.375 59.361
1544271200 67.374 59.360
1544314400 67.373 59.360
1544357600 67.373 59.359
1544400800 67.372 59.358
1544444000 67.371 59.358
1544487200 67.370 59.357
1544530400 67.370 59.357
1544573600 67.369 59.356
1544616800 67.368 59.355
1544660000 67.368 59.355
1544703200 67.367 59.354
1544746400 67.366 59.353
1544789600 67.365 59.353
1544832800 67.365 59.352
1544876000 67.364 59.351
1544919200 67.363 59.351
1544962400 67.362 59.350
1545005600 67.362 59.349
1545048800 67.361 59.349
1545092000 67.360 59.348
1545135200 67.359 59.348
1545178400 67.359 59.347
1545221600 67.358 59.346
1545264800 67.357 59.346
1545308000 67.356 59.345
1545351200 67.356 59.344
1545394400 67.355 59.344
1545437600 67.354 59.343
1545480800 67.353 59.342
1545524000 67.353 59.342
1545567200 67.352 59.341
1545610400 67.351 59.340
1545653600 67.350 59.340
1545696800 67.350 59.339
1545740000 67.349 59.338
1545783200 67.348 59.337
1545826400 67.347 59.337
1545869600 67.346 59.336
1545912800 67.346 59.335
1545956000 67.345 59.335
1545999200 67.344 59.334
1546042400 67.343 59.333
1546085600 67.343 59.333
1546128800 67.342 59.332
1546172000 67.341 59.331
1546215200 67.340 59.331
1546258400 67.339 59.330
1546301600 67.339 59.329
1546344800 67.338 59.328
1546388000 67.337 59.328
1546431200 67.336 59.327
1546474400 67.335 59.326
1546517600 67.334 59.326
1546560800 67.334 59.325
1546604000 67.333 59.324
1546647200 67.332 59.323
1546690400 67.331 59.323
1546733600 67.330 59.322
1546776800 67.329 59.321
1546820000 67.329 59.320
1546863200 67.328 59.320
1546906400 67.327 59.319
1546949600 67.326 59.318
1546992800 67.325 59.317
1547036000 67.324 59.317
1547079200 67.324 59.316
1547122400 67.323 59.315
1547165600 67.322 59.314
1547208800 67.321 59.314
1547252000 67.320 59.313
1547295200 67.319 59.312
1547338400 67.318 59.311
1547381600 67.317 59.311
1547424800 67.317 59.310
1547468000 67.316 59.309
1547511200 67.315 59.308
1547554400 67.314 59.307
1547597600 67.313 59.307
1547640800 67.312 59.306
1547684000 67.311 59.305
1547727200 67.310 59.304
1547770400 67.309 59.303
1547813600 67.309 59.303
1547856800 67.308 59.302
1547900000 67.307 59.301
1547943200 67.306 59.300
1547986400 67.305 59.299
1548029600 67.304 59.299
1548072800 67.303 59.298
1548116000 67.302 59.297
1548159200 67.301 59.296
1548202400 67.300 59.295
1548245600 67.299 59.294
1548288800 67.298 59.294
1548332000 67.297 59.293
1548375200 67.296 59.292
1548418400 67.295 59.291
1548461600 67.294 59.290
1548504800 67.293 59.289
1548548000 67.292 59.289
1548591200 67.292 59.288
1548634400 67.291 59.287
1548677600 67.290 59.286
1548720800 67.289 59.285
1548764000 67.288 59.284
1548807200 67.287 59.283
1548850400 67.286 59.282
1548893600 67.285 59.282
1548936800 67.284 59.281
1548980000 67.283 59.280
1549023200 67.282 59.279
1549066400 67.281 59.278
1549109600 67.279 59.277
1549152800 67.278 59.276
1549196000 67.277 59.275
1549239200 67.276 59.274
1549282400 67.275 59.273
1549325600 67.274 59.273
1549368800 67.273 59.272
1549412000 67.272 59.271
1549455200 67.271 59.270
1549498400 67.270 59.269
1549541600 67.269 59.268
1549584800 67.268 59.267
1549628000 67.267 59.266
1549671200 67.266 59.265
1549714400 67.265 59.264
1549757600 67.264 59.263
1549800800 67.263 59.262
1549844000 67.261 59.261
1549887200 67.260 59.260
1549930400 67.259 59.259
1549973600 67.258 59.258
1550016800 67.257 59.257
1550060000 67.256 59.256
1550103200 67.255 59.255
1550146400 67.254 59.254
1550189600 67.253 59.253
1550232800 67.251 59.252
1550276000 67.250 59.251
1550319200 67.249 59.250
1550362400 67.248 59.249
1550405600 67.247 59.248
1550448800 67.246 59.247
1550492000 67.244 59.246
1550535200 67.243 59.245
1550578400 67.242 59.244
1550621600 67.241 59.243
1550664800 67.240 59.242
1550708000 67.239 59.241
1550751200 67.237 59.240
1550794400 67.236 59.239
1550837600 67.235 59.238
1550880800 67.234 59.237
1550924000 67.233 59.236
1550967200 67.231 59.235
1551010400 67.230 59.234
1551053600 67.229 59.233
1551096800 67.228 59.231
1551140000 67.226 59.230
1551183200 67.225 59.229
1551226400 67.224 59.228
1551269600 67.223 59.227
1551312800 67.221 59.226
1551356000 67.220 59.225
1551399200 67.219 59.224
1551442400 67.218 59.223
1551485600 67.216 59.221
1551528800 67.215 59.220
1551572000 67.214 59.219
1551615200 67.212 59.218
1551658400 67.211 59.217
1551701600 67.210 59.216
1551744800 67.209 59.215
1551788000 67.207 59.213
1551831200 67.206 59.212
1551874400 67.205 59.211
1551917600 67.203 59.210
1551960800 67.202 59.209
1552004000 67.201 59.208
1552047200 67.199 59.206
1552090400 67.198 59.205
1552133600 67.197 59.204
1552176800 67.195 59.203
1552220000 67.194 59.202
1552263200 67.192 59.200
1552306400 67.191 59.199
1552349600 67.190 59.198
1552392800 67.188 59.197
1552436000 67.187 59.195
1552479200 67.185 59.194
1552522400 67.184 59.193
1552565600 67.183 59.192
1552608800 67.181 59.190
1552652000 67.180 59.189
1552695200 67.178 59.188
1552738400 67.177 59.187
1552781600 67.175 59.185
1552824800 67.174 59.184
1552868000 67.173 59.183
1552911200 67.171 59.182
1552954400 67.170 59.180
1552997600 67.168 59.179
1553040800 67.167 59.178
1553084000 67.165 59.176
1553127200 67.164 59.175
1553170400 67.162 59.174
1553213600 67.161 59.172
1553256800 67.159 59.171
1553300000 67.158 59.170
1553343200 67.156 59.168
1553386400 67.155 59.167
1553429600 67.153 59.166
1553472800 67.151 59.164
1553516000 67.150 59.163
1553559200 67.148 59.162
1553602400 67.147 59.160
1553645600 67.145 59.159
1553688800 67.144 59.157
1553732000 67.142 59.156
1553775200 67.140 59.155
1553818400 67.139 59.153
1553861600 67.137 59.152
1553904800 67.136 59.150
1553948000 67.134 59.149
1553991200 67.132 59.147
1554034400 67.131 59.146
1554077600 67.129 59.145
1554120800 67.127 59.143
1554164000 67.126 59.142
1554207200 67.124 59.140
1554250400 67.123 59.139
1554293600 67.121 59.137
1554336800 67.119 59.136
1554380000 67.117 59.134
1554423200 67.116 59.133
1554466400 67.114 59.131
1554509600 67.112 59.130
1554552800 67.111 59.128
1554596000 67.109 59.127
1554639200 67.107 59.125
1554682400 67.106 59.124
1554725600 67.104 59.122
1554768800 67.102 59.121
1554812000 67.100 59.119
1554855200 67.099 59.118
1554898400 67.097 59.116
1554941600 67.095 59.115
1554984800 67.093 59.113
1555028000 67.091 59.111
1555071200 67.090 59.110
1555114400 67.088 59.108
1555157600 67.086 59.107
1555200800 67.084 59.105
1555244000 67.082 59.103
1555287200 67.081 59.102
1555330400 67.079 59.100
1555373600 67.077 59.099
1555416800 67.075 59.097
1555460000 67.073 59.095
1555503200 67.071 59.094
1555546400 67.069 59.092
1555589600 67.068 59.090
1555632800 67.066 59.089
1555676000 67.064 59.087
1555719200 67.062 59.085
1555762400 67.060 59.084
1555805600 67.058 59.082
1555848800 67.056 59.080
1555892000 67.054 59.079
1555935200 67.052 59.077
1555978400 67.050 59.075
1556021600 67.048 59.073
1556064800 67.046 59.072
1556108000 67.044 59.070
1556151200 67.042 59.068
1556194400 67.040 59.066
1556237600 67.038 59.065
1556280800 67.036 59.063
1556324000 67.034 59.061
1556367200 67.032 59.059
1556410400 67.030 59.058
1556453600 67.028 59.056
1556496800 67.026 59.054
1556540000 67.024 59.052
1556583200 67.022 59.050
1556626400 67.020 59.049
1556669600 67.018 59.047
1556712800 67.016 59.045
1556756000 67.014 59.043
1556799200 67.012 59.041
1556842400 67.010 59.039
1556885600 67.008 59.038
1556928800 67.006 59.036
1556972000 67.003 59.034
1557015200 67.001 59.032
1557058400 66.999 59.030
1557101600 66.997 59.028
1557144800 66.995 59.026
1557188000 66.993 59.024
1557231200 66.990 59.022
1557274400 66.988 59.021
1557317600 66.986 59.019
1557360800 66.984 59.017
1557404000 66.982 59.015
1557447200 66.979 59.013
1557490400 66.977 59.011
1557533600 66.975 59.009
1557576800 66.973 59.007
1557620000 66.971 59.005
1557663200 66.968 59.003
1557706400 66.966 59.001
1557749600 66.964 58.999
1557792800 66.961 58.997
1557836000 66.959 58.995
1557879200 66.957 58.993
1557922400 66.955 58.991
1557965600 66.952 58.989
1558008800 66.950 58.987
1558052000 66.948 58.985
1558095200 66.945 58.983
1558138400 66.943 58.980
1558181600 66.941 58.978
1558224800 66.938 58.976
1558268000 66.936 58.974
1558311200 66.933 58.972
1558354400 66.931 58.970
1558397600 66.929 58.968
1558440800 66.926 58.966
1558484000 66.924 58.964
1558527200 66.921 58.961
1558570400 66.919 58.959
1558613600 66.916 58.957
1558656800 66.914 58.955
1558700000 66.911 58.953
1558743200 66.909 58.951
1558786400 66.907 58.948
1558829600 66.904 58.946
1558872800 66.902 58.944
1558916000 66.899 58.942
1558959200 66.896 58.940
1559002400 66.894 58.937
1559045600 66.891 58.935
1559088800 66.889 58.933
1559132000 66.886 58.931
1559175200 66.884 58.928
1559218400 66.881 58.926
1559261600 66.879 58.924
1559304800 66.876 58.922
1559348000 66.873 58.919
1559391200 66.871 58.917
1559434400 66.868 58.915
1559477600 66.866 58.912
1559520800 66.863 58.910
1559564000 66.860 58.908
1559607200 66.858 58.905
1559650400 66.855 58.903
1559693600 66.852 58.901
1559736800 65.024 58.898
1559780000 65.021 58.896
1559823200 65.018 58.894
1559866400 65.016 58.891
1559909600 65.013 58.889
1559952800 65.010 58.886
1559996000 65.008 58.884
1560039200 65.005 58.881
1560082400 65.002 58.879
1560125600 65.000 58.877
1560168800 64.997 58.874
1560212000 64.994 58.872
1560255200 64.992 58.869
1560298400 64.989 58.867
1560341600 64.986 58.864
1560384800 64.983 58.862
1560428000 64.981 58.859
1560471200 64.978 58.857
1560514400 64.975 58.854
1560557600 64.972 58.852
1560600800 64.969 58.849
1560644000 64.967 58.847
1560687200 64.964 58.844
1560730400 64.961 58.841
1560773600 64.958 58.839
1560816800 64.955 58.836
1560860000 64.952 58.834
1560903200 64.950 58.831
1560946400 64.947 58.828
1560989600 64.944 58.826
1561032800 64.941 58.823
1561076000 64.938 58.821
1561119200 64.935 58.818
1561162400 64.932 58.815
1561205600 64.929 58.813
1561248800 64.926 58.810
1561292000 64.923 58.807
1561335200 64.920 58.805
1561378400 64.917 58.802
1561421600 64.914 58.799
1561464800 64.911 58.796
1561508000 64.908 58.794
1561551200 64.905 58.791
1561594400 64.902 58.788
1561637600 64.899 58.786
1561680800 64.896 58.783
1561724000 64.893 58.780
1561767200 64.890 58.777
1561810400 64.887 58.774
1561853600 64.884 58.772
1561896800 64.881 58.769
1561940000 64.878 58.766
1561983200 64.875 58.763
1562026400 64.871 58.760
1562069600 64.868 58.757
1562112800 64.865 58.755
1562156000 64.862 58.752
1562199200 64.859 58.749
1562242400 64.856 58.746
1562285600 64.852 58.743
1562328800 64.849 58.740
1562372000 64.846 58.737
1562415200 64.843 58.734
1562458400 64.839 58.731
1562501600 64.836 58.728
1562544800 64.833 58.726
1562588000 64.830 58.723
1562631200 64.826 58.720
1562674400 64.823 58.717
1562717600 64.820 58.714
1562760800 64.817 58.711
1562804000 64.813 58.708
1562847200 64.810 58.705
1562890400 64.807 58.702
1562933600 64.803 58.699
1562976800 64.800 58.695
1563020000 64.796 58.692
1563063200 64.793 58.689
1563106400 64.790 58.686
1563149600 64.786 58.683
1563192800 64.783 58.680
1563236000 64.779 58.677
1563279200 64.776 58.674
1563322400 64.772 58.671
1563365600 64.769 58.668
1563408800 64.766 58.664
1563452000 64.762 58.661
1563495200 64.759 58.658
1563538400 64.755 58.655
1563581600 64.752 58.652
1563624800 64.748 58.649
1563668000 64.744 58.645
1563711200 64.741 58.642
1563754400 64.737 58.639
1563797600 64.734 58.636
1563840800 64.730 58.632
1563884000 64.727 58.629
1563927200 64.723 58.626
1563970400 64.719 58.623
1564013600 64.716 58.619
1564056800 64.712 58.616
1564100000 64.708 58.613
1564143200 64.705 58.609
1564186400 64.701 58.606
1564229600 64.697 58.603
1564272800 64.694 58.599
1564316000 64.690 58.596
1564359200 64.686 58.593
1564402400 64.682 58.589
1564445600 64.679 58.586
1564488800 64.675 58.582
1564532000 64.671 58.579
1564575200 64.667 58.576
1564618400 64.664 58.572
1564661600 64.660 58.569
1564704800 64.656 58.565
1564748000 64.652 58.562
1564791200 64.648 58.558
1564834400 64.644 58.555
1564877600 64.641 58.551
1564920800 64.637 58.548
1564964000 64.633 58.544
1565007200 64.629 58.541
1565050400 64.625 58.537
1565093600 64.621 58.534
1565136800 64.617 58.530
1565180000 64.613 58.526
1565223200 64.609 58.523
1565266400 64.605 58.519
1565309600 64.601 58.516
1565352800 64.597 58.512
1565396000 64.593 58.508
1565439200 64.589 58.505
1565482400 64.585 58.501
1565525600 64.581 58.498
1565568800 64.577 58.494
1565612000 64.573 58.490
1565655200 64.569 58.486
1565698400 64.565 58.483
1565741600 64.561 58.479
1565784800 64.557 58.475
1565828000 64.553 58.472
1565871200 64.549 58.468
1565914400 64.544 58.464
1565957600 64.540 58.460
1566000800 64.536 58.457
1566044000 64.532 58.453
1566087200 64.528 58.449
1566130400 64.524 58.445
1566173600 64.519 58.441
1566216800 64.515 58.438
1566260000 64.511 58.434
1566303200 64.507 58.430
1566346400 64.503 58.426
1566389600 64.498 58.422
1566432800 64.494 58.418
1566476000 64.490 58.415
1566519200 64.485 58.411
1566562400 64.481 58.407
1566605600 64.477 58.403
1566648800 64.473 58.399
1566692000 64.468 58.395
1566735200 64.464 58.391
1566778400 64.460 58.387
1566821600 64.455 58.383
1566864800 64.451 58.379
1566908000 64.447 58.376
1566951200 64.442 58.372
1566994400 64.438 58.368
1567037600 64.434 58.364
1567080800 64.429 58.360
1567124000 64.425 58.356
1567167200 64.420 58.352
1567210400 64.416 58.348
1567253600 64.411 58.344
1567296800 64.407 58.340
1567340000 64.403 58.336
1567383200 64.398 58.332
1567426400 64.394 58.328
1567469600 64.389 58.324
1567512800 64.385 58.320
1567556000 64.380 58.316
1567599200 64.376 58.311
1567642400 64.371 58.307
1567685600 64.367 58.303
1567728800 64.362 58.299
1567772000 64.358 58.295
1567815200 64.353 58.291
1567858400 64.349 58.287
1567901600 64.344 58.283
1567944800 64.340 58.279
1567988000 64.335 58.275
1568031200 64.331 58.271
1568074400 64.326 58.266
1568117600 64.322 58.262
1568160800 64.317 58.258
1568204000 64.312 58.254
1568247200 64.308 58.250
1568290400 64.303 58.246
1568333600 64.299 58.242
1568376800 64.294 58.237
1568420000 64.289 58.233
1568463200 64.285 58.229
1568506400 64.280 58.225
1568549600 64.276 58.221
1568592800 64.271 58.216
1568636000 64.266 58.212
1568679200 64.262 58.208
1568722400 64.257 58.204
1568765600 64.252 58.200
1568808800 64.248 58.195
1568852000 64.243 58.191
1568895200 64.238 58.187
1568938400 64.234 58.183
1568981600 64.229 58.179
1569024800 64.224 58.174
1569068000 64.220 58.170
1569111200 64.215 58.166
1569154400 64.210 58.162
1569197600 64.206 58.157
1569240800 64.201 58.153
1569284000 64.196 58.149
1569327200 64.192 58.145
1569370400 64.187 58.140
1569413600 64.182 58.136
1569456800 64.177 58.132
1569500000 64.173 58.127
1569543200 64.168 58.123
1569586400 64.163 58.119
1569629600 64.159 58.115
1569672800 64.154 58.110
1569716000 64.149 58.106
1569759200 64.144 58.102
1569802400 64.140 58.097
1569845600 64.135 58.093
1569888800 64.130 58.089
1569932000 64.125 58.085
1569975200 64.121 58.080
1570018400 64.116 58.076
1570061600 64.111 58.072
1570104800 64.106 58.067
1570148000 64.102 58.063
1570191200 64.097 58.059
1570234400 64.092 58.054
1570277600 64.087 58.050
1570320800 64.082 58.046
1570364000 64.078 58.041
1570407200 64.073 58.037
1570450400 64.068 58.033
1570493600 64.063 58.028
1570536800 64.059 58.024
1570580000 64.054 58.020
1570623200 64.049 58.015
1570666400 64.044 58.011
1570709600 64.039 58.007
1570752800 64.035 58.002
1570796000 64.030 57.998
1570839200 64.025 57.994
1570882400 64.020 57.989
1570925600 64.015 57.985
1570968800 64.011 57.981
1571012000 64.006 57.976
1571055200 64.001 57.972
1571098400 63.996 57.968
1571141600 63.991 57.963
1571184800 63.987 57.959
1571228000 63.982 57.955
1571271200 63.977 57.950
1571314400 63.972 57.946
1571357600 63.967 57.941
1571400800 63.963 57.937
1571444000 63.958 57.933
1571487200 63.953 57.928
1571530400 63.948 57.924
1571573600 63.943 57.920
1571616800 63.939 57.915
1571660000 63.934 57.911
1571703200 63.929 57.907
1571746400 63.924 57.902
1571789600 63.919 57.898
1571832800 63.915 57.894
1571876000 63.910 57.889
1571919200 63.905 57.885
1571962400 63.900 57.881
1572005600 63.895 57.876
1572048800 63.891 57.872
1572092000 63.886 57.868
1572135200 63.881 57.863
1572178400 63.876 57.859
1572221600 63.871 57.855
1572264800 63.867 57.850
1572308000 63.862 57.846
1572351200 63.857 57.842
1572394400 63.852 57.837
1572437600 63.847 57.833
1572480800 63.843 57.829
1572524000 63.838 57.824
1572567200 63.833 57.820
1572610400 63.828 57.816
1572653600 63.824 57.811
1572696800 63.819 57.807
1572740000 63.814 57.803
1572783200 63.809 57.798
1572826400 63.804 57.794
1572869600 63.800 57.790
1572912800 63.795 57.785
1572956000 63.790 57.781
1572999200 63.785 57.777
1573042400 63.781 57.772
1573085600 63.776 57.768
1573128800 63.771 57.764
1573172000 63.766 57.759
1573215200 63.762 57.755
1573258400 63.757 57.751
1573301600 63.752 57.747
1573344800 63.748 57.742
1573388000 63.743 57.738
1573431200 63.738 57.734
1573474400 63.733 57.730
1573517600 63.729 57.725
1573560800 63.724 57.721
1573604000 63.719 57.717
1573647200 63.715 57.712
1573690400 63.710 57.708
1573733600 63.705 57.704
1573776800 63.700 57.700
1573820000 63.696 57.695
1573863200 63.691 57.691
1573906400 63.686 57.687
1573949600 63.682 57.683
1573992800 63.677 57.679
1574036000 63.672 57.674
1574079200 63.668 57.670
1574122400 63.663 57.666
1574165600 63.658 57.662
1574208800 63.654 57.657
1574252000 63.649 57.653
1574295200 63.645 57.649
1574338400 63.640 57.645
1574381600 63.635 57.641
1574424800 63.631 57.636
1574468000 63.626 57.632
1574511200 63.621 57.628
1574554400 63.617 57.624
1574597600 63.612 57.620
1574640800 63.608 57.616
1574684000 63.603 57.612
1574727200 63.599 57.607
1574770400 63.594 57.603
1574813600 63.589 57.599
1574856800 63.585 57.595
1574900000 63.580 57.591
1574943200 63.576 57.587
1574986400 63.571 57.583
1575029600 63.567 57.579
1575072800 63.562 57.574
1575116000 63.558 57.570
1575159200 63.553 57.566
1575202400 63.549 57.562
1575245600 63.544 57.558
1575288800 63.540 57.554
1575332000 63.535 57.550
1575375200 63.531 57.546
1575418400 63.526 57.542
1575461600 63.522 57.538
1575504800 63.517 57.534
1575548000 63.513 57.530
1575591200 63.508 57.526
1575634400 63.504 57.522
1575677600 63.500 57.518
1575720800 63.495 57.514
1575764000 63.491 57.510
1575807200 63.486 57.506
1575850400 63.482 57.502
1575893600 63.478 57.498
1575936800 63.473 57.494
1575980000 63.469 57.490
1576023200 63.465 57.486
1576066400 63.460 57.482
1576109600 63.456 57.478
1576152800 63.452 57.474
1576196000 63.447 57.470
1576239200 63.443 57.466
1576282400 63.439 57.463
1576325600 63.434 57.459
1576368800 63.430 57.455
1576412000 63.426 57.451
1576455200 63.421 57.447
1576498400 63.417 57.443
1576541600 63.413 57.439
1576584800 63.409 57.435
1576628000 63.405 57.432
1576671200 63.400 57.428
1576714400 63.396 57.424
1576757600 63.392 57.420
1576800800 63.388 57.416
1576844000 63.384 57.413
1576887200 63.379 57.409
1576930400 63.375 57.405
1576973600 63.371 57.401
1577016800 63.367 57.398
1577060000 63.363 57.394
1577103200 63.359 57.390
1577146400 63.355 57.386
1577189600 63.350 57.383
1577232800 63.346 57.379
1577276000 63.342 57.375
1577319200 63.338 57.372
1577362400 63.334 57.368
1577405600 63.330 57.364
1577448800 63.326 57.361
1577492000 63.322 57.357
1577535200 63.318 57.353
1577578400 63.314 57.350
1577621600 63.310 57.346
1577664800 63.306 57.343
1577708000 63.302 57.339
1577751200 63.298 57.335
1577794400 63.294 57.332
1577837600 63.290 57.328
1577880800 63.286 57.325
1577924000 63.283 57.321
1577967200 63.279 57.318
1578010400 63.275 57.314
1578053600 63.271 57.311
1578096800 63.267 57.307
1578140000 63.263 57.304
1578183200 63.259 57.300
1578226400 63.256 57.297
1578269600 63.252 57.293
1578312800 63.248 57.290
1578356000 63.244 57.286
1578399200 63.240 57.283
1578442400 63.237 57.280
1578485600 63.233 57.276
1578528800 63.229 57.273
1578572000 63.226 57.270
1578615200 63.222 57.266
1578658400 63.218 57.263
1578701600 63.215 57.260
1578744800 63.211 57.256
1578788000 63.207 57.253
1578831200 63.204 57.250
1578874400 63.200 57.246
1578917600 63.196 57.243
1578960800 63.193 57.240
1579004000 63.189 57.237
1579047200 63.186 57.233
1579090400 63.182 57.230
1579133600 63.179 57.227
1579176800 63.175 57.224
1579220000 63.172 57.221
1579263200 63.168 57.217
1579306400 63.165 57.214
1579349600 63.161 57.211
1579392800 63.158 57.208
1579436000 63.154 57.205
1579479200 63.151 57.202
1579522400 63.147 57.199
1579565600 63.144 57.196
1579608800 63.141 57.193
1579652000 63.137 57.190
1579695200 63.134 57.187
1579738400 63.131 57.184
1579781600 63.127 57.181
1579824800 63.124 57.178
1579868000 63.121 57.175
1579911200 63.118 57.172
1579954400 63.114 57.169
1579997600 63.111 57.166
1580040800 63.108 57.163
1580084000 63.105 57.160
1580127200 63.102 57.157
1580170400 63.098 57.154
1580213600 63.095 57.151
1580256800 63.092 57.149
1580300000 63.089 57.146
1580343200 63.086 57.143
1580386400 63.083 57.140
1580429600 63.080 57.137
1580472800 63.077 57.135
1580516000 63.074 57.132
1580559200 63.071 57.129
1580602400 63.068 57.127
1580645600 63.065 57.124
1580688800 63.062 57.121
1580732000 63.059 57.118
1580775200 63.056 57.116
1580818400 63.053 57.113
1580861600 63.050 57.111
1580904800 63.047 57.108
1580948000 63.044 57.105
1580991200 63.042 57.103
1581034400 63.039 57.100
1581077600 63.036 57.098
1581120800 63.033 57.095
1581164000 63.030 57.093
1581207200 63.028 57.090
1581250400 63.025 57.088
1581293600 63.022 57.085
1581336800 63.019 57.083
1581380000 63.017 57.080
1581423200 63.014 57.078
1581466400 63.011 57.076
1581509600 63.009 57.073
1581552800 63.006 57.071
1581596000 63.004 57.069
1581639200 63.001 57.066
1581682400 62.999 57.064
1581725600 62.996 57.062
1581768800 62.994 57.059
1581812000 62.991 57.057
1581855200 62.989 57.055
1581898400 62.986 57.053
1581941600 62.984 57.051
1581984800 62.981 57.048
1582028000 62.979 57.046
1582071200 62.977 57.044
1582114400 62.974 57.042
1582157600 62.972 57.040
1582200800 62.970 57.038
1582244000 62.967 57.036
1582287200 62.965 57.034
1582330400 62.963 57.032
1582373600 62.961 57.030
1582416800 62.958 57.028
1582460000 62.956 57.026
1582503200 62.954 57.024
1582546400 62.952 57.022
1582589600 62.950 57.020
1582632800 62.948 57.018
1582676000 62.946 57.016
1582719200 62.944 57.014
1582762400 62.942 57.012
1582805600 62.939 57.010
1582848800 62.937 57.009
1582892000 62.936 57.007
1582935200 62.934 57.005
1582978400 62.932 57.003
1583021600 62.930 57.002
1583064800 62.928 57.000
1583108000 62.926 56.998
1583151200 62.924 56.997
1583194400 62.922 56.995
1583237600 62.921 56.993
1583280800 62.919 56.992
1583324000 62.917 56.990
1583367200 62.915 56.988
1583410400 62.914 56.987
1583453600 62.912 56.985
1583496800 62.910 56.984
1583540000 62.909 56.982
1583583200 62.907 56.981
1583626400 62.905 56.979
1583669600 62.904 56.978
1583712800 62.902 56.977
1583756000 62.901 56.975
1583799200 62.899 56.974
1583842400 62.898 56.973
1583885600 62.896 56.971
1583928800 62.895 56.970
1583972000 62.893 56.969
1584015200 62.892 56.967
1584058400 62.891 56.966
1584101600 62.889 56.965
1584144800 62.888 56.964
1584188000 62.887 56.963
1584231200 62.885 56.961
1584274400 62.884 56.960
1584317600 62.883 56.959
1584360800 62.882 56.958
1584404000 62.881 56.957
1584447200 62.879 56.956
1584490400 62.878 56.955
1584533600 62.877 56.954
1584576800 62.876 56.953
1584620000 62.875 56.952
1584663200 62.874 56.951
1584706400 62.873 56.950
1584749600 62.872 56.949
1584792800 62.871 56.948
1584836000 62.870 56.948
1584879200 62.869 56.947
1584922400 62.868 56.946
1584965600 62.868 56.945
1585008800 62.867 56.944
1585052000 62.866 56.944
1585095200 62.865 56.943
1585138400 62.864 56.942
1585181600 62.864 56.942
1585224800 62.863 56.941
1585268000 62.862 56.940
1585311200 62.862 56.940
1585354400 62.861 56.939
1585397600 62.860 56.939
1585440800 62.860 56.938
1585484000 62.859 56.938
1585527200 62.859 56.937
1585570400 62.858 56.937
1585613600 62.858 56.936
1585656800 62.857 56.936
1585700000 62.857 56.936
1585743200 62.857 56.935
1585786400 62.856 56.935
1585829600 62.856 56.935
1585872800 62.856 56.934
1585916000 62.855 56.934
1585959200 62.855 56.934
1586002400 62.855 56.934
1586045600 62.855 56.934
1586088800 62.854 56.933
1586132000 62.854 56.933
1586175200 62.854 56.933
1586218400 62.854 56.933
1586261600 62.854 56.933
1586304800 62.854 56.933
1586348000 62.854 56.933
1586391200 62.854 56.933
1586434400 62.854 56.933
1586477600 62.854 56.933
1586520800 62.854 56.933
1586564000 62.854 56.933
1586607200 62.855 56.934
1586650400 62.855 56.934
1586693600 62.855 56.934
1586736800 62.855 56.934
1586780000 62.856 56.934
1586823200 62.856 56.935
1586866400 62.856 56.935
1586909600 62.857 56.935
1586952800 62.857 56.936
1586996000 62.857 56.936
1587039200 62.858 56.936
1587082400 62.858 56.937
1587125600 62.859 56.937
1587168800 62.859 56.938
1587212000 62.860 56.938
1587255200 62.861 56.939
1587298400 62.861 56.940
1587341600 62.862 56.940
1587384800 62.863 56.941
1587428000 62.863 56.941
1587471200 62.864 56.942
1587514400 62.865 56.943
1587557600 62.866 56.944
1587600800 62.866 56.944
1587644000 62.867 56.945
1587687200 62.868 56.946
1587730400 62.869 56.947
1587773600 62.870 56.948
1587816800 62.871 56.949
1587860000 62.872 56.949
1587903200 62.873 56.950
1587946400 62.874 56.951
1587989600 62.875 56.952
1588032800 62.877 56.953
1588076000 62.878 56.954
1588119200 62.879 56.956
1588162400 62.880 56.957
1588205600 62.881 56.958
1588248800 62.883 56.959
1588292000 62.884 56.960
1588335200 62.885 56.961
1588378400 62.887 56.963
1588421600 62.888 56.964
1588464800 62.890 56.965
1588508000 62.891 56.967
1588551200 62.893 56.968
1588594400 62.894 56.970
1588637600 62.896 56.971
1588680800 62.898 56.972
1588724000 62.899 56.974
1588767200 62.901 56.975
1588810400 62.903 56.977
1588853600 62.904 56.979
1588896800 62.906 56.980
1588940000 62.908 56.982
1588983200 62.910 56.984
1589026400 62.912 56.985
1589069600 62.914 56.987
1589112800 62.916 56.989
1589156000 62.918 56.991
1589199200 62.920 56.992
1589242400 62.922 56.994
1589285600 62.924 56.996
1589328800 62.926 56.998
1589372000 62.928 57.000
1589415200 62.930 57.002
